1.000000000000000000e+00 5.002907302628806896e+00
1.007637529238691210e+00 2.785678172501429017e+00
1.015333390330254382e+00 1.614674516294228424e+00
1.023088028785920978e+00 1.052350894311420593e+00
1.030901893519528434e+00 7.302436820654322203e-01
1.038775436873506042e+00 5.259828219477603595e-01
1.046709114645061556e+00 3.885152842818382357e-01
1.054703386112567864e+00 2.922814373468170523e-01
1.062758714062149279e+00 2.229109895826339172e-01
1.070875564814472769e+00 1.716457563000533537e-01
1.079054408251743258e+00 1.329712260961629922e-01
1.087295717844904530e+00 1.034042545928153395e-01
1.095599970681048863e+00 8.062676706060258047e-02
1.103967647491034487e+00 6.298309402186111350e-02
1.112399232677316441e+00 4.928204984742391020e-02
1.120895214341987023e+00 3.860760278296399006e-02
1.129456084315033193e+00 3.027561016760280804e-02
1.138082338182806907e+00 2.376978047854578363e-02
1.146774475316716169e+00 1.867489956961445804e-02
1.155532998902132347e+00 1.468036280211508678e-02
1.164358415967519766e+00 1.155214133401938001e-02
1.173251237413788006e+00 9.092226163853932286e-03
1.182211978043866463e+00 7.163593458190611538e-03
1.191241156592507400e+00 5.645051265265176900e-03
1.200339295756315039e+00 4.451292788101228297e-03
1.209506922224003800e+00 3.511982500157194171e-03
1.218744566706889021e+00 2.770885149226885030e-03
1.228052763969609051e+00 2.188408125901447447e-03
1.237432052861082488e+00 1.728716285264157281e-03
1.246882976345702554e+00 1.365586226612326790e-03
1.256406081534769292e+00 1.079720824294859742e-03
1.266001919718160451e+00 8.539572005431945957e-04
1.275671046396247066e+00 6.753994958241369860e-04
1.285414021312050181e+00 5.343424665225813500e-04
1.295231408483644708e+00 4.231297299457986369e-04
1.305123776236809752e+00 3.350637083538593746e-04
1.315091697237929402e+00 2.653268742667213827e-04
1.325135748527144219e+00 2.101950603863472788e-04
1.335256511551755176e+00 1.666500999714670434e-04
1.345454572199884513e+00 1.321261107157011352e-04
1.355730520834391939e+00 1.047542673892579726e-04
1.366084952327050628e+00 8.306076663823802099e-05
1.376518466092984561e+00 6.593381886640786174e-05
1.387031666125368101e+00 5.233841013341865409e-05
1.397625161030391139e+00 4.154634484078959547e-05
1.408299564062491349e+00 3.297957972413974336e-05
1.419055493159854686e+00 2.619445997225498715e-05
1.429893570980188322e+00 2.081857347322970840e-05
1.440814424936766258e+00 1.654597964299806497e-05
1.451818687234748717e+00 1.315024983333010794e-05
1.462906994907782421e+00 1.045142532567887051e-05
1.474079989854876649e+00 8.312817946115611461e-06
1.485338318877562847e+00 6.614834917538028654e-06
1.496682633717338673e+00 5.263683298480793133e-06
1.508113591093396266e+00 4.188519020066139475e-06
1.519631852740639610e+00 3.332968681174129539e-06
1.531238085447992781e+00 2.654190262337235974e-06
1.542932961096999289e+00 2.114618440090738005e-06
1.554717156700718084e+00 1.684736475234505103e-06
1.566591354442914641e+00 1.342245455337932551e-06
1.578556241717553155e+00 1.069379626344567369e-06
1.590612511168589593e+00 8.525875315136373683e-07
1.602760860730067627e+00 6.800927785396470359e-07
1.615001993666523417e+00 5.424970109528044399e-07
1.627336618613696162e+00 4.327394969913926870e-07
1.639765449619551063e+00 3.451880258795670775e-07
1.652289206185616033e+00 2.755546505658537784e-07
1.664908613308632601e+00 2.200726910539126731e-07
1.677624401522526121e+00 1.757618289085510648e-07
1.690437306940696160e+00 1.403728029740446431e-07
1.703348071298630195e+00 1.121092329156536235e-07
1.716357441996841704e+00 8.962600006730904764e-08
1.729466172144138003e+00 7.166739954551936107e-08
1.742675020601216040e+00 5.730721167696721661e-08
1.755984752024594586e+00 4.582441292714691777e-08
1.769396136910878603e+00 3.665600381201288466e-08
1.782909951641362678e+00 2.934688237910578193e-08
1.796526978526977070e+00 2.349518266611557848e-08
1.810248005853574371e+00 1.881029819055553643e-08
1.824073827927563451e+00 1.506192134549088964e-08
1.838005245121891562e+00 1.207331279557603999e-08
1.852043063922377941e+00 9.677708342532189817e-09
1.866188096974400468e+00 7.757443242705948910e-09
1.880441163129939586e+00 6.220770561667686513e-09
1.894803087494983274e+00 4.992516209194555123e-09
1.909274701477288394e+00 4.006773413676343332e-09
1.923856842834514635e+00 3.215659702611888076e-09
1.938550355722719498e+00 2.583756221279708682e-09
1.953356090745226759e+00 2.076137237089468997e-09
1.968274905001869080e+00 1.668247875604387216e-09
1.983307662138603211e+00 1.342094608800319202e-09
1.998455232397506887e+00 1.079734248353778918e-09
2.013718492667158522e+00 8.690735978778327645e-10
2.029098326533397056e+00 7.000346296278921381e-10
2.044595624330475037e+00 5.639835434588417746e-10
2.060211283192599385e+00 4.548399703511933054e-10
2.075946207105864083e+00 3.669308496721504855e-10
2.091801306960585638e+00 2.962822540307759841e-10
2.107777500604029353e+00 2.394204956143765289e-10
2.123875712893548151e+00 1.936195575051001816e-10
2.140096875750118866e+00 1.567406762335536404e-10
2.156441928212291970e+00 1.270439162213614098e-10
2.172911816490552983e+00 1.031205894352224872e-10
2.189507494022097323e+00 8.383446181238339141e-11
2.206229921526024373e+00 6.831269461477791044e-11
2.223080067058954779e+00 5.583147667555681818e-11
2.240058906071069167e+00 4.582877065124459460e-11
2.257167421462577650e+00 3.784973594709857506e-11
2.274406603640619640e+00 3.151046327868808138e-11
2.291777450576596653e+00 2.646981149381957903e-11
2.309280967863948764e+00 2.244426578933166993e-11
2.326918168776363149e+00 1.920894908189189350e-11
2.344690074326434281e+00 1.659078788782597926e-11
2.362597713324771309e+00 1.445442284572347921e-11
2.380642122439554420e+00 1.269648091699640776e-11
2.398824346256546391e+00 1.123717277123104712e-11
2.417145437339565106e+00 1.001468980080354043e-11
2.435606456291414812e+00 8.981523012605923552e-12
2.454208471815285897e+00 8.101113921083431313e-12
2.472952560776618292e+00 7.344256450016447101e-12
2.491839808265446266e+00 6.688476520256784208e-12
2.510871307659208629e+00 6.116834055184926623e-12
2.530048160686046099e+00 5.614613724397480282e-12
2.549371477488583171e+00 5.171092035588126198e-12
2.568842376688187379e+00 4.776868680901187737e-12
2.588461985449732605e+00 4.425098745772773332e-12
2.608231439546845554e+00 4.109416636384524881e-12
2.628151883427658042e+00 3.824872365242629391e-12
2.648224470281058451e+00 3.567941367022024571e-12
2.668450362103447659e+00 3.334555010376484216e-12
2.688830729766008343e+00 3.122131093171301708e-12
2.709366753082488088e+00 2.927824259476048991e-12
2.730059620877493209e+00 2.750422387740157504e-12
2.750910531055315467e+00 2.587414961129359115e-12
2.771920690669273935e+00 2.437363234816352531e-12
2.793091315991593326e+00 2.298981146688871357e-12
2.814423632583813895e+00 2.171117305583462065e-12
2.835918875367736458e+00 2.052739304320299711e-12
2.857578288696913660e+00 1.942920055132238873e-12
2.879403126428685677e+00 1.840825888524157027e-12
2.901394651996763052e+00 1.745788085753600071e-12
2.923554138484370846e+00 1.657597897776468967e-12
2.945882868697942136e+00 1.575177385341465997e-12
2.968382135241382169e+00 1.497967101047291303e-12
2.991053240590896944e+00 1.425833306566947787e-12
3.013897497170391571e+00 1.358473538211695202e-12
3.036916227427449044e+00 1.295000367924269423e-12
3.060110763909881904e+00 1.235648132844983978e-12
3.083482449342877185e+00 1.179866868482080026e-12
3.107032636706724915e+00 1.127164115713139031e-12
3.130762689315140346e+00 1.077946021469525890e-12
3.154673980894187935e+00 1.031097869697020727e-12
3.178767895661805731e+00 9.874440180227967444e-13
3.203045828407935947e+00 9.457726441488943495e-13
3.227509184575269696e+00 9.068356071751747462e-13
3.252159380340606809e+00 8.696053544691651741e-13
3.276997842696842245e+00 8.348207673567305911e-13
3.302026009535567574e+00 8.014275786463005558e-13
3.327245329730314616e+00 7.702889042194545787e-13
3.352657263220428785e+00 7.403786791235387363e-13
3.378263281095584603e+00 7.122891878885442857e-13
3.404064865680949126e+00 6.854658712720500037e-13
3.430063510622988865e+00 6.600059086904467449e-13
3.456260720975940171e+00 6.359259255559124940e-13
3.482658013288933763e+00 6.127379430348224866e-13
3.509256915693789836e+00 5.911023748517727415e-13
3.536058967993480628e+00 5.702307512161828069e-13
3.563065721751267123e+00 5.504296008811873474e-13
3.590278740380520972e+00 5.316415724475274702e-13
3.617699599235228991e+00 5.134948431225256828e-13
3.645329885701188655e+00 4.964993907933087439e-13
3.673171199287906585e+00 4.801369123306289603e-13
3.701225151721186268e+00 4.644085285790514701e-13
3.729493367036436524e+00 4.496512289523943342e-13
3.757977481672682529e+00 4.353628653569879412e-13
3.786679144567300703e+00 4.217163135590077093e-13
3.815600017251474796e+00 4.088134938034198927e-13
3.844741773946383834e+00 3.963054483363579875e-13
3.874106101660117041e+00 3.844038260170284532e-13
3.903694700285338381e+00 3.730969897722961653e-13
3.933509282697691845e+00 3.621227322825411620e-13
3.963551574854958126e+00 3.516896905484788383e-13
3.993823315896973369e+00 3.417613163370115672e-13
4.024326258246303745e+00 3.321132250486211748e-13
4.055062167709692744e+00 3.229214643443160911e-13
4.086032823580286077e+00 3.141878613815676247e-13
4.117240018740631946e+00 3.056904639026069552e-13
4.148685559766472686e+00 2.975525190806605216e-13
4.180371267031325999e+00 2.898580345007936179e-13
4.212298974811861996e+00 2.823625235109768151e-13
4.244470531394096469e+00 2.751233541008061066e-13
4.276887799180381755e+00 2.683356602843110182e-13
4.309552654797223603e+00 2.617154287594015420e-13
4.342466989203916938e+00 2.552585279874638792e-13
4.375632707802013854e+00 2.492526858260672591e-13
4.409051730545625603e+00 2.433996804931876691e-13
4.442725992052568351e+00 2.376841166940401719e-13
4.476657441716363373e+00 2.322975374582908130e-13
4.510848043819077446e+00 2.271192710936910350e-13
4.545299777645039008e+00 2.220564361832346930e-13
4.580014637595419380e+00 2.172056015417032040e-13
4.614994633303687976e+00 2.126226974803404037e-13
4.650241789751947685e+00 2.081364898645875934e-13
4.685758147388161987e+00 2.037514125179687597e-13
4.721545762244274691e+00 1.996955804364848778e-13
4.757606706055233836e+00 1.957204828817947275e-13
4.793943066378924200e+00 1.918245127696587484e-13
4.830556946717013744e+00 1.881545777372729499e-13
4.867450466636728201e+00 1.846340673306427791e-13
4.904625761893547597e+00 1.811794282606138880e-13
4.942084984554847793e+00 1.778423393984016079e-13
4.979830303124482604e+00 1.747275684504666251e-13
5.017863902668315390e+00 1.716673503052609476e-13
5.056187984940717861e+00 1.686607295126612638e-13
5.094804768512021909e+00 1.658719988175248140e-13
5.133716488896955532e+00 1.631655884026678893e-13
5.172925398684057541e+00 1.605033364798159269e-13
5.212433767666074580e+00 1.579557005842251934e-13
5.252243882971366240e+00 1.555679110777493394e-13
5.292358049196296932e+00 1.532162173798207695e-13
5.332778588538657161e+00 1.509000738362302976e-13
5.373507840932087554e+00 1.487818223087733968e-13
5.414548164181542944e+00 1.467113834850593095e-13
5.455901934099780526e+00 1.446697567625564174e-13
5.497571544644899610e+00 1.427261851500391860e-13
5.539559408058921441e+00 1.409116237598235479e-13
5.581867955007439264e+00 1.391201319488543417e-13
5.624499634720321772e+00 1.373514164200905079e-13
5.667456915133505468e+00 1.357484600711796912e-13
5.710742283031860822e+00 1.341860274429921962e-13
5.754358244193146454e+00 1.326415780443481288e-13
5.798307323533076207e+00 1.311602177933038441e-13
5.842592065251477784e+00 1.298086807130938718e-13
5.887215032979579377e+00 1.284710705118562011e-13
5.932178809928424279e+00 1.271472436804257172e-13
5.977485999038396614e+00 1.259338665866329642e-13
6.023139223129920339e+00 1.247881560869968884e-13
6.069141125055283581e+00 1.236528689356193479e-13
6.115494367851635360e+00 1.225279103038425828e-13
6.162201634895153823e+00 1.215433351873765447e-13
6.209265630056376217e+00 1.205844208037723848e-13
6.256689077856732339e+00 1.196330717613172649e-13
6.304474723626263710e+00 1.186892283733616664e-13
6.352625333662547114e+00 1.178942295817424885e-13
6.401143695390845600e+00 1.171067217995406139e-13
6.450032617525457646e+00 1.163244743978444335e-13
6.499294930232320411e+00 1.155474522384576335e-13
6.548933485292847578e+00 1.148996668799328315e-13
6.598951156269015961e+00 1.142713261069664872e-13
6.649350838669714214e+00 1.136464214808376009e-13
6.700135450118370528e+00 1.130249342106199318e-13
6.751307930521841527e+00 1.124749001669003122e-13
6.802871242240610350e+00 1.119962127453391742e-13
6.854828370260275250e+00 1.115195625929573630e-13
6.907182322364346483e+00 1.110449410392415257e-13
6.959936129308375463e+00 1.105723394505794681e-13
7.013092844995391317e+00 1.101946339645814143e-13
7.066655546652700792e+00 1.098594422612437696e-13
7.120627335010020431e+00 1.095252701490962329e-13
7.175011334478981873e+00 1.091921145267308934e-13
7.229810693334005833e+00 1.088599723021737707e-13
7.285028583894547438e+00 1.085683579996592789e-13
7.340668202708743095e+00 1.083700903594547513e-13
7.396732770738462470e+00 1.081721847958061938e-13
7.453225533545761117e+00 1.079746406474890702e-13
7.510149761480777286e+00 1.077774572544863320e-13
7.567508749871036500e+00 1.075806339579862718e-13
7.625305819212228720e+00 1.073940866216121003e-13
7.683544315360424370e+00 1.073286723907002587e-13
7.742227609725770066e+00 1.072632980038966208e-13
7.801359099467651603e+00 1.071979634369319503e-13
7.860942207691365979e+00 1.071326686655517657e-13
7.920980383646270440e+00 1.070674136655164414e-13
7.981477102925468969e+00 1.070021984126010182e-13
8.042435867667006022e+00 1.069370228825953928e-13
8.103860206756611007e+00 1.069625365895229902e-13
8.165753676031981101e+00 1.070277276695161567e-13
8.228119858488625482e+00 1.070929584818964202e-13
8.290962364487288738e+00 1.071582290508797278e-13
8.354284831962949909e+00 1.072235394006967817e-13
8.418090926635418469e+00 1.072888895555930388e-13
8.482384342221559237e+00 1.073542795398286855e-13
8.547168800649092901e+00 1.074197093776788020e-13
8.612448052272080545e+00 1.074851790934331731e-13
8.678225876088017543e+00 1.076466406055346289e-13
8.744506079956604339e+00 1.078435846639737316e-13
8.811292500820187001e+00 1.080408890398545755e-13
8.878589004925862227e+00 1.082385543923930802e-13
8.946399488049305404e+00 1.084365813820112387e-13
9.014727875720295103e+00 1.086349706703392762e-13
9.083578123449951747e+00 1.088337229202179343e-13
9.152954216959736655e+00 1.090328387957006548e-13
9.222860172412168822e+00 1.092323189620557756e-13
9.293300036643326933e+00 1.094321640857687905e-13
9.364277887397122413e+00 1.096323748345445067e-13
9.435797833561347048e+00 1.099218959212912829e-13
9.507864015405548486e+00 1.102572781767404105e-13
9.580480604820708734e+00 1.105936837156430248e-13
9.653651805560741650e+00 1.109311156601351333e-13
9.727381853485857377e+00 1.112695771418787503e-13
9.801675016807768870e+00 1.116090713020908005e-13
9.876535596336786682e+00 1.119496012915724266e-13
9.951967925730782483e+00 1.122911702707381714e-13
1.002797637174607281e+01 1.126337814096453230e-13
1.010456533449018579e+01 1.129774378880232100e-13
1.018173924767661731e+01 1.133221428953029132e-13
1.025950257888148087e+01 1.136678996306468259e-13
1.033785982980211315e+01 1.140147113029781508e-13
1.041681553651772241e+01 1.143625811310109273e-13
1.049637426975192689e+01 1.148421894650064646e-13
1.057654063513740006e+01 1.153330409876953611e-13
1.065731927348247154e+01 1.158259904781994782e-13
1.073871486103975847e+01 1.163210469035256411e-13
1.082073210977692135e+01 1.168182192690068949e-13
1.090337576764938454e+01 1.173175166184663356e-13
1.098665061887524175e+01 1.178189480343816474e-13
1.107056148421219000e+01 1.183225226380503220e-13
1.115511322123658644e+01 1.188282495897554324e-13
1.124031072462469538e+01 1.193361380889325187e-13
1.132615892643598876e+01 1.198461973743365988e-13
1.141266279639870440e+01 1.203584367242106445e-13
1.149982734219752700e+01 1.208728654564540310e-13
1.158765760976345760e+01 1.213894929287920478e-13
1.167615868356597275e+01 1.219083285389463431e-13
1.176533568690730469e+01 1.224293817248056708e-13
1.185519378221907338e+01 1.229638447194070190e-13
1.194573817136112481e+01 1.236399828187022202e-13
1.203697409592264300e+01 1.243198387810030789e-13
1.212890683752562460e+01 1.250034330496264233e-13
1.222154171813058454e+01 1.256907861802999936e-13
1.231488410034469005e+01 1.263819188417810352e-13
1.240893938773217009e+01 1.270768518164774412e-13
1.250371302512711758e+01 1.277756060010726819e-13
1.259921049894873413e+01 1.284782024071545462e-13
1.269543733751887871e+01 1.291846621618463557e-13
1.279239911138214758e+01 1.298950065084428252e-13
1.289010143362833993e+01 1.306092568070486737e-13
1.298854996021736952e+01 1.313274345352206438e-13
1.308775039030673426e+01 1.320495612886137613e-13
1.318770846658139284e+01 1.327756587816303726e-13
1.328842997558624006e+01 1.335057488480733467e-13
1.338992074806108512e+01 1.342398534418025587e-13
1.349218665927815763e+01 1.349779946373948066e-13
1.359523362938227642e+01 1.357201946308079949e-13
1.369906762373351938e+01 1.364664757400482703e-13
1.380369465325258993e+01 1.372168604058412232e-13
1.390912077476877506e+01 1.381273256578678724e-13
1.401535209137055737e+01 1.390561907325516675e-13
1.412239475275895551e+01 1.399913021478698159e-13
1.423025495560348830e+01 1.409327019086003208e-13
1.433893894390094559e+01 1.418804323019909696e-13
1.444845300933679333e+01 1.428345358996584322e-13
1.455880349164945642e+01 1.437950555595009891e-13
1.466999677899729271e+01 1.447620344276235798e-13
1.478203930832838786e+01 1.457355159402755226e-13
1.489493756575323324e+01 1.467155438258023206e-13
1.500869808692015006e+01 1.477021621066092565e-13
1.512332745739368889e+01 1.486954151011393758e-13
1.523883231303583941e+01 1.496953474258639411e-13
1.535521934039015868e+01 1.507020039972866686e-13
1.547249527706891037e+01 1.517154300339614955e-13
1.559066691214303191e+01 1.527356710585233732e-13
1.570974108653521739e+01 1.537627728997337014e-13
1.582972469341590305e+01 1.547967816945385102e-13
1.595062467860229560e+01 1.558377438901409560e-13
1.607244804096051638e+01 1.568857062460879529e-13
1.619520183281069237e+01 1.579407158363702088e-13
1.631889316033528559e+01 1.590028200515371298e-13
1.644352918399043162e+01 1.600720666008255840e-13
1.656911711892042760e+01 1.613219832690142570e-13
1.669566423537548516e+01 1.626048518943065920e-13
1.682317785913253161e+01 1.638979221788917382e-13
1.695166537191935774e+01 1.652012752486545834e-13
1.708113421184190628e+01 1.665149928746112208e-13
1.721159187381485367e+01 1.678391574780390697e-13
1.734304590999553852e+01 1.691738521356483190e-13
1.747550393022109105e+01 1.705191605847934833e-13
1.760897360244901222e+01 1.718751672287275448e-13
1.774346265320106397e+01 1.732419571418972166e-13
1.787897886801050973e+01 1.746196160752799340e-13
1.801553009187288623e+01 1.760082304617644917e-13
1.815312422970008299e+01 1.774078874215731054e-13
1.829176924677800997e+01 1.788186747677279787e-13
1.843147316922767232e+01 1.802406810115597983e-13
1.857224408446979780e+01 1.816739953682613401e-13
1.871409014169305252e+01 1.831187077624847974e-13
1.885701955232573113e+01 1.845749088339830321e-13
1.900104059051118810e+01 1.860426899432968708e-13
1.914616159358678260e+01 1.875221431774866777e-13
1.929239096256650399e+01 1.890133613559094420e-13
1.943973716262737383e+01 1.905164380360429438e-13
1.958820872359940779e+01 1.920314675193546779e-13
1.973781424045947830e+01 1.935585448572188402e-13
1.988856237382885084e+01 1.950977658568795105e-13
2.004046185047449669e+01 1.968864360154978908e-13
2.019352146381437763e+01 1.986940984095285095e-13
2.034775007442639350e+01 2.005183573929276027e-13
2.050315661056141536e+01 2.023593653430307398e-13
2.065975006866003838e+01 2.042172760361862467e-13
2.081753951387347712e+01 2.060922446606013442e-13
2.097653408058830138e+01 2.079844278293037770e-13
2.113674297295519366e+01 2.098939835932234243e-13
2.129817546542184559e+01 2.118210714543947265e-13
2.146084090326977645e+01 2.137658523792788923e-13
2.162474870315539377e+01 2.157284888122095979e-13
2.178990835365510037e+01 2.177091446889617977e-13
2.195632941581453679e+01 2.197079854504442801e-13
2.212402152370216513e+01 2.217251780565196777e-13
2.229299438496686747e+01 2.237608909999494070e-13
2.246325778140002782e+01 2.258152943204682856e-13
2.263482156950173518e+01 2.278885596189876125e-13
2.280769568105135647e+01 2.299808600719278750e-13
2.298189012368256456e+01 2.320923704456852458e-13
2.315741498146257626e+01 2.342232671112282864e-13
2.333428041547599463e+01 2.363737280588306127e-13
2.351249666441302111e+01 2.385439329129381842e-13
2.369207404516210147e+01 2.407340629471723525e-13
2.387302295340726843e+01 2.429443010994722549e-13
2.405535386422985766e+01 2.451748319873743813e-13
2.423907733271497378e+01 2.476560163647213575e-13
2.442420399456248958e+01 2.502345518479825135e-13
2.461074456670271360e+01 2.528399344288266917e-13
2.479870984791687150e+01 2.554724436328429404e-13
2.498811071946215279e+01 2.581323618959734027e-13
2.517895814570169222e+01 2.608199745948164307e-13
2.537126317473927983e+01 2.635355700772437788e-13
2.556503693905887431e+01 2.662794396933358158e-13
2.576029065616916469e+01 2.690518778266416211e-13
2.595703562925283592e+01 2.718531819257605834e-13
2.615528324782099645e+01 2.746836525362569610e-13
2.635504498837249088e+01 2.775435933329037700e-13
2.655633241505820052e+01 2.804333111522628658e-13
2.675915718035061985e+01 2.833531160256061662e-13
2.696353102571827520e+01 2.863033212121766016e-13
2.716946578230555076e+01 2.892842432327982855e-13
2.737697337161753808e+01 2.922962019038348428e-13
2.758606580621012938e+01 2.953395203715011992e-13
2.779675519038552878e+01 2.984145251465344343e-13
2.800905372089283318e+01 3.015215461392228410e-13
2.822297368763421943e+01 3.046609166948029854e-13
2.843852747437634676e+01 3.078329736292223935e-13
2.865572755946721273e+01 3.110380572652754902e-13
2.887458651655862241e+01 3.142765114691174839e-13
2.909511701533395112e+01 3.178361591429907733e-13
2.931733182224171586e+01 3.215369735640287260e-13
2.954124380123449356e+01 3.252808794552626375e-13
2.976686591451372266e+01 3.290683785643060137e-13
2.999421122328002909e+01 3.328999784810117529e-13
3.022329288848930418e+01 3.367761927054964918e-13
3.045412417161467999e+01 3.406975407169606295e-13
3.068671843541411093e+01 3.446645480433049363e-13
3.092108914470406589e+01 3.486777463315628318e-13
3.115724986713892974e+01 3.527376734191486360e-13
3.139521427399640530e+01 3.568448734059367369e-13
3.163499614096903656e+01 3.609998967271818730e-13
3.187660934896156562e+01 3.652033002272853777e-13
3.212006788489458842e+01 3.694556472344225315e-13
3.236538584251422890e+01 3.737575076360388988e-13
3.261257742320794506e+01 3.781094579552228672e-13
3.286165693682679034e+01 3.825120814279725664e-13
3.311263880251363645e+01 3.869659680813565605e-13
3.336553754953804685e+01 3.914717148125899209e-13
3.362036781813730357e+01 3.960299254690278024e-13
3.387714436036387156e+01 4.006412109290904041e-13
3.413588204093952783e+01 4.053233952531961126e-13
3.439659583811570798e+01 4.105428666066106223e-13
3.465930084454075200e+01 4.158295506635804523e-13
3.492401226813353787e+01 4.211843129423188222e-13
3.519074543296381563e+01 4.266080301065768506e-13
3.545951578013942651e+01 4.321015901091697418e-13
3.573033886870005915e+01 4.376658923373467605e-13
3.600323037651809699e+01 4.433018477600395287e-13
3.627820610120610212e+01 4.490103790769996006e-13
3.655528196103131933e+01 4.547924208698604536e-13
3.683447399583730686e+01 4.606489197551459596e-13
3.711579836797231735e+01 4.665808345392444191e-13
3.739927136322506840e+01 4.725891363753834505e-13
3.768490939176745513e+01 4.786748089226233529e-13
3.797272898910450323e+01 4.848388485068969129e-13
3.826274681703169733e+01 4.910822642841274628e-13
3.855497966459940784e+01 4.974060784054412442e-13
3.884944444908492045e+01 5.038113261845133561e-13
3.914615821697172748e+01 5.102990562670648583e-13
3.944513814493627279e+01 5.169454104410326587e-13
3.974640154084244870e+01 5.242407124284681662e-13
4.004996584474339016e+01 5.316389680934347339e-13
4.035584862989119159e+01 5.391416303517588935e-13
4.066406760375419793e+01 5.467501726232898429e-13
4.097464060904197680e+01 5.544660891212545352e-13
4.128758562473841209e+01 5.622908951457065642e-13
4.160292076714230802e+01 5.702261273811052984e-13
4.192066429091632074e+01 5.782733441981032161e-13
4.224083459014354958e+01 5.864341259595855659e-13
4.256345019939247720e+01 5.947100753310339453e-13
4.288852979478992467e+01 6.031028175952682205e-13
4.321609219510210664e+01 6.116140009716265654e-13
4.354615636282418478e+01 6.202452969396572298e-13
4.387874140527786437e+01 6.289984005673704028e-13
4.421386657571763834e+01 6.378750308441296391e-13
4.455155127444528773e+01 6.468769310182361616e-13
4.489181504993290162e+01 6.567573746520395079e-13
4.523467759995469351e+01 6.668378491961185620e-13
4.558015877272710981e+01 6.770730474950503298e-13
4.592827856805799058e+01 6.874653443815095200e-13
4.627905713850430658e+01 6.980171511391362094e-13
4.663251479053868565e+01 7.087309160620137688e-13
4.698867198572513360e+01 7.196091250227431250e-13
4.734754934190337394e+01 7.306543020492236251e-13
4.770916763438252417e+01 7.418690099102978186e-13
4.807354779714375326e+01 7.532558507103786012e-13
4.844071092405204837e+01 7.648174664932043257e-13
4.881067827007750282e+01 7.765565398548648576e-13
4.918347125252555685e+01 7.884757945662292380e-13
4.955911145227703685e+01 8.007048474010325273e-13
4.993762061503737471e+01 8.139860542991731775e-13
5.031902065259538404e+01 8.274875551761039284e-13
5.070333364409189869e+01 8.412130040248305610e-13
5.109058183729776204e+01 8.551661154467527356e-13
5.148078764990185618e+01 8.693506656569730822e-13
5.187397367080885147e+01 8.837704935062775352e-13
5.227016266144674006e+01 8.984295015200622668e-13
5.266937755708470092e+01 9.133316569545038850e-13
5.307164146816059258e+01 9.284809928702367377e-13
5.347697768161899035e+01 9.438816092238473166e-13
5.388540966225921380e+01 9.595376739774725267e-13
5.429696105409355766e+01 9.757117847752471819e-13
5.471165568171629445e+01 9.931052547795952655e-13
5.512951755168259638e+01 1.010808788476430287e-12
5.555057085389849902e+01 1.028827913198332264e-12
5.597483996302115372e+01 1.047168254810556568e-12
5.640234943986977356e+01 1.065835539467517829e-12
5.683312403284767811e+01 1.084835595400599463e-12
5.726718867937470492e+01 1.104174354737809049e-12
5.770456850733106080e+01 1.123857855355898531e-12
5.814528883651188096e+01 1.143892242765482172e-12
5.858937518009287260e+01 1.164283772029761352e-12
5.903685324610749774e+01 1.186103033612651889e-12
5.948774893893495630e+01 1.208719055311891947e-12
5.994208836080000680e+01 1.231766308045036455e-12
6.039989781328382179e+01 1.255253014310587542e-12
6.086120379884672360e+01 1.279187553389555651e-12
6.132603302236238108e+01 1.303578464334907839e-12
6.179441239266360242e+01 1.328434449018012787e-12
6.226636902410032803e+01 1.353764375233194433e-12
6.274193023810902048e+01 1.379577279861453659e-12
6.322112356479448891e+01 1.406342097771060102e-12
6.370397674452353698e+01 1.434905010306300800e-12
6.419051772953072543e+01 1.464048037718132016e-12
6.468077468553676113e+01 1.493782962182819468e-12
6.517477599337873073e+01 1.524121805173497947e-12
6.567255025065330187e+01 1.555076832320319673e-12
6.617412627337209585e+01 1.586660558369295238e-12
6.667953309762981462e+01 1.618885752241855907e-12
6.718879998128525699e+01 1.651765442197178359e-12
6.770195640565488304e+01 1.686184841171007925e-12
6.821903207721965146e+01 1.722529142359855371e-12
6.874005692934466083e+01 1.759656814503451814e-12
6.926506112401180815e+01 1.797584742506236218e-12
6.979407505356620334e+01 1.836330175212628041e-12
7.032712934247520309e+01 1.875910733251417260e-12
7.086425484910157024e+01 1.916344417049295070e-12
7.140548266748966455e+01 1.957649615017058120e-12
7.195084412916546057e+01 1.999845111912285965e-12
7.250037080495050645e+01 2.044961481983541636e-12
7.305409450678925509e+01 2.091586126418441642e-12
7.361204728959094723e+01 2.139273801862889301e-12
7.417426145308513696e+01 2.188048745175764161e-12
7.474076954369138548e+01 2.237935745810660206e-12
7.531160435640363460e+01 2.288960158414937107e-12
7.588679893668839327e+01 2.341147915715984903e-12
7.646638658239801600e+01 2.394525541701334892e-12
7.705040084569817793e+01 2.449120165099243077e-12
7.763887553501005812e+01 2.507864785727020061e-12
7.823184471696782794e+01 2.568171134261493594e-12
7.882934271839039297e+01 2.629927662923001249e-12
7.943140412826889474e+01 2.693169244033483128e-12
8.003806379976887797e+01 2.757931588485769322e-12
8.064935685224781992e+01 2.824251265908580405e-12
8.126531867328853309e+01 2.892165725316501739e-12
8.188598492074731894e+01 2.961713316256427295e-12
8.251139152481853500e+01 3.032933310462597985e-12
8.314157469011445301e+01 3.106799639631001680e-12
8.377657089776101884e+01 3.185387795527496591e-12
8.441641690750998350e+01 3.265963880792993989e-12
8.506114975986662330e+01 3.348578181162414392e-12
8.571080677823431415e+01 3.433282254375214506e-12
8.636542557107487994e+01 3.520128962351386656e-12
8.702504403408595124e+01 3.609172504181424944e-12
8.768970035239469496e+01 3.700468449950768816e-12
8.835943300276817070e+01 3.794073775419820784e-12
8.903428075584101009e+01 3.890046897581289353e-12
8.971428267835956660e+01 3.988447711116886895e-12
9.039947813544372934e+01 4.089337625776301193e-12
9.108990679286563363e+01 4.197189494966858333e-12
9.178560861934577986e+01 4.308606830364925775e-12
9.248662388886712904e+01 4.422981816982249035e-12
9.319299318300618040e+01 4.540392967742353155e-12
9.390475739328250881e+01 4.660920879749329376e-12
9.462195772352593792e+01 4.784648289613874227e-12
9.534463569226156210e+01 4.911660130247940128e-12
9.607283313511359779e+01 5.042043589167159343e-12
9.680659220722689895e+01 5.175888168340809770e-12
9.754595538570764290e+01 5.313285745630676748e-12
9.829096547208207824e+01 5.454330637860739411e-12
9.904166559477427256e+01 5.599119665561116640e-12
9.979809921160305919e+01 5.747752219430763473e-12
1.005603101122975147e+02 5.900330328564337767e-12
1.013283424210320334e+02 6.062060755241203920e-12
1.021022405989807567e+02 6.230570230876348733e-12
1.028820494468913296e+02 6.403763830363971383e-12
1.036678141076784101e+02 6.581771760128276428e-12
1.044595800690371021e+02 6.764727845992425412e-12
1.052573931660757580e+02 6.952769633788278893e-12
1.060612995839700545e+02 7.146038492763118045e-12
1.068713458606361826e+02 7.344679721860487689e-12
1.076875788894250547e+02 7.548842658955558030e-12
1.085100459218369906e+02 7.758680793126874170e-12
1.093387945702567237e+02 7.974351880048907012e-12
1.101738728107102929e+02 8.196018060592442081e-12
1.110153289856419150e+02 8.423845982721483425e-12
1.118632118067126555e+02 8.658006926778719048e-12
1.127175703576204171e+02 8.898676934253605744e-12
1.135784540969409591e+02 9.146036940129688675e-12
1.144459128609916689e+02 9.400272908911158930e-12
1.153199968667161670e+02 9.661575974430311477e-12
1.162007567145914635e+02 9.935025303731209026e-12
1.170882433915572989e+02 1.022364383456160247e-11
1.179825082739672837e+02 1.052064690934549286e-11
1.188836031305638130e+02 1.082627810418702176e-11
1.197915801254744395e+02 1.114078807122432918e-11
1.207064918212317366e+02 1.146443474419268740e-11
1.216283911818163403e+02 1.179748354995940712e-11
1.225573315757224009e+02 1.214020762620365348e-11
1.234933667790479319e+02 1.249288804542055060e-11
1.244365509786073005e+02 1.285581404543216350e-11
1.253869387750682733e+02 1.322928326659532781e-11
1.263445851861129512e+02 1.361360199590041576e-11
1.273095456496221800e+02 1.400908541816108216e-11
1.282818760268856408e+02 1.441605787450178873e-11
1.292616326058351035e+02 1.483485312835397639e-11
1.302488721043031035e+02 1.526581463917987842e-11
1.312436516733063741e+02 1.570929584414817432e-11
1.322460289003538207e+02 1.616566044799216917e-11
1.332560618127810415e+02 1.663528272128920652e-11
1.342738088811089767e+02 1.711854780740457828e-11
1.352993290224288501e+02 1.761585203835270676e-11
1.363326816038130858e+02 1.812760325983430252e-11
1.373739264457513514e+02 1.865422116571562416e-11
1.384231238256145673e+02 1.919613764222538485e-11
1.394803344811436432e+02 1.977237366649271336e-11
1.405456196139657834e+02 2.037158244422400187e-11
1.416190408931375089e+02 2.098895045591312000e-11
1.427006604587142249e+02 2.162502802356822030e-11
1.437905409253481821e+02 2.228038214690072757e-11
1.448887453859127277e+02 2.295559700874885865e-11
1.459953374151548928e+02 2.365127449581834293e-11
1.471103810733758337e+02 2.436803473520452435e-11
1.482339409101387275e+02 2.510651664717344794e-11
1.493660819680063128e+02 2.586737851469609055e-11
1.505068697863056570e+02 2.665129857024158590e-11
1.516563704049224270e+02 2.745897560035402813e-11
1.528146503681239494e+02 2.829112956855091886e-11
1.539817767284108356e+02 2.914850225709854467e-11
1.551578170503996432e+02 3.003185792823741452e-11
1.563428394147335609e+02 3.094198400544560147e-11
1.575369124220235335e+02 3.187969177534798258e-11
1.587401051968200250e+02 3.284581711089794365e-11
1.599524873916136016e+02 3.384122121647377704e-11
1.611741291908684275e+02 3.486679139555762077e-11
1.624051013150842380e+02 3.592344184167726260e-11
1.636454750248907715e+02 3.701211445331878518e-11
1.648953221251730099e+02 3.813377967353513434e-11
1.661547149692273990e+02 3.928943735499885998e-11
1.674237264629512367e+02 4.048011765127178417e-11
1.687024300690626148e+02 4.170688193508374485e-11
1.699908998113533301e+02 4.297082374444051931e-11
1.712892102789740818e+02 4.427306975740407018e-11
1.725974366307520427e+02 4.561478079641318178e-11
1.739156545995425347e+02 4.701742208635150475e-11
1.752439404966126233e+02 4.850136851118334506e-11
1.765823712160589309e+02 5.003215070229190889e-11
1.779310242392591590e+02 5.161124687274903480e-11
1.792899776393567208e+02 5.324018189043816706e-11
1.806593100857815557e+02 5.492052875055760953e-11
1.820391008488034572e+02 5.665391009459608533e-11
1.834294298041212130e+02 5.844199977725062501e-11
1.848303774374868169e+02 6.028652448279936042e-11
1.862420248493639008e+02 6.218926539248769087e-11
1.876644537596239388e+02 6.415205990454345383e-11
1.890977465122760464e+02 6.617680340847495090e-11
1.905419860802341248e+02 6.826545111537063290e-11
1.919972560701203577e+02 7.042001994596601568e-11
1.934636407271043481e+02 7.264259047829936904e-11
1.949412249397812218e+02 7.493530895684154290e-11
1.964300942450850300e+02 7.730038936503460297e-11
1.979303348332406927e+02 7.974011556324419353e-11
1.994420335527536849e+02 8.225684349418961106e-11
2.009652779154368432e+02 8.485300345797864491e-11
2.025001561014776428e+02 8.753110245895004444e-11
2.040467569645421690e+02 9.029372662658282391e-11
2.056051700369191337e+02 9.314354371281505815e-11
2.071754855347021476e+02 9.608330566818022098e-11
2.087577943630134314e+02 9.911585129925405952e-11
2.103521881212655842e+02 1.022441090099716114e-10
2.119587591084643918e+02 1.054710996294659830e-10
2.135776003285521654e+02 1.087999393291585195e-10
2.152088054957909549e+02 1.122338426319151595e-10
2.168524690401888222e+02 1.157761255161806762e-10
2.185086861129655915e+02 1.194302086180802996e-10
2.201775525920613177e+02 1.231996205345869893e-10
2.218591650876868471e+02 1.270880012309423649e-10
2.235536209479156184e+02 1.310991055556182889e-10
2.252610182643205690e+02 1.352870559834151957e-10
2.269814558776516265e+02 1.397271008275201167e-10
2.287150333835578522e+02 1.443128654381936141e-10
2.304618511383531825e+02 1.490491322559555646e-10
2.322220102648252009e+02 1.539408406783228768e-10
2.339956126580904083e+02 1.589930922110544997e-10
2.357827609914919833e+02 1.642111557884490391e-10
2.375835587225438132e+02 1.696004732682557805e-10
2.393981100989197444e+02 1.751666651069258201e-10
2.412265201644875958e+02 1.809155362211171801e-10
2.430688947653915477e+02 1.868530820415799025e-10
2.449253405561785542e+02 1.929854947657177784e-10
2.467959650059727039e+02 1.993191698153588007e-10
2.486808764046970452e+02 2.058607125064687025e-10
2.505801838693411980e+02 2.126169449377527709e-10
2.524939973502798694e+02 2.195949131053499299e-10
2.544224276376365879e+02 2.268018942510155333e-10
2.563655863676978015e+02 2.342454044514733190e-10
2.583235860293755195e+02 2.419332064568451970e-10
2.602965399707183565e+02 2.498733177863293748e-10
2.622845624054748441e+02 2.580740190895834475e-10
2.642877684197039230e+02 2.665438627825129737e-10
2.663062739784377868e+02 2.752916819664883431e-10
2.683401959323952610e+02 2.843265996402848885e-10
2.703896520247449757e+02 2.936580382143453107e-10
2.724547608979234496e+02 3.032957293373112633e-10
2.745356421005019456e+02 3.132497240450405528e-10
2.766324160941073274e+02 3.235304032427161172e-10
2.787452042603960649e+02 3.341484885309737336e-10
2.808741289080797401e+02 3.451150533873283043e-10
2.830193132800070543e+02 3.564415347145826995e-10
2.851808815602973937e+02 3.681397447682359698e-10
2.873589588815298157e+02 3.802218834753468753e-10
2.895536713319876299e+02 3.927005511576991014e-10
2.917651459629559554e+02 4.055887616725217688e-10
2.939935107960790219e+02 4.188999559845021213e-10
2.962388948307694818e+02 4.329213891570422394e-10
2.985014280516770100e+02 4.476748203642590970e-10
3.007812414362130085e+02 4.629310304542900331e-10
3.030784669621318699e+02 4.787071535162433670e-10
3.053932376151727794e+02 4.950209075480229760e-10
3.077256873967571664e+02 5.118906143552200817e-10
3.100759513317461824e+02 5.293352201281403690e-10
3.124441654762576377e+02 5.473743167200747621e-10
3.148304669255409749e+02 5.660281636506949745e-10
3.172349938219155092e+02 5.853177108593181667e-10
3.196578853627663648e+02 6.052646222335588192e-10
3.220992818086025977e+02 6.258912999398092695e-10
3.245593244911775059e+02 6.472209095828872330e-10
3.270381558216686813e+02 6.692774062230645065e-10
3.295359192989242842e+02 6.920855612797659776e-10
3.320527595177687203e+02 7.156709903520751961e-10
3.345888221773736859e+02 7.400601819873481593e-10
3.371442540896929358e+02 7.652805274302286500e-10
3.397192031879596357e+02 7.913603513854470341e-10
3.423138185352524943e+02 8.183289438290255067e-10
3.449282503331234579e+02 8.462165929035233831e-10
3.475626499302931620e+02 8.750546189343375267e-10
3.502171698314130595e+02 9.048754096052360213e-10
3.528919637058921239e+02 9.357124563326044534e-10
3.555871863967949480e+02 9.676003918793300829e-10
3.583029939298043587e+02 1.000575029250479508e-09
3.610395435222537230e+02 1.034673401914507205e-09
3.637969935922289437e+02 1.069933805395165829e-09
3.665755037677374730e+02 1.106395840280780981e-09
3.693752348959514507e+02 1.144100456699287130e-09
3.721963490525176894e+02 1.183090000308867065e-09
3.750390095509403068e+02 1.223408259855915395e-09
3.779033809520357181e+02 1.265100516353734036e-09
3.807896290734570925e+02 1.308213593937130570e-09
3.836979209992958886e+02 1.353674187171920556e-09
3.866284250897529660e+02 1.401512562567228114e-09
3.895813109908850151e+02 1.451041529525963034e-09
3.925567496444258495e+02 1.502320832966531701e-09
3.955549132976806845e+02 1.555412329171974988e-09
3.985759755134995999e+02 1.610380060404903084e-09
4.016201111803237040e+02 1.667290332159227355e-09
4.046874965223098002e+02 1.726211793141972444e-09
4.077783091095320174e+02 1.787215518081624908e-09
4.108927278682600104e+02 1.850375093462853310e-09
4.140309330913193548e+02 1.915766706291149524e-09
4.171931064485268053e+02 1.983469235994292583e-09
4.203794309972082033e+02 2.053564349571650549e-09
4.235900911927936932e+02 2.126136600105931244e-09
4.268252728994984295e+02 2.201273528756438171e-09
4.300851634010805924e+02 2.279065770356618288e-09
4.333699514116835303e+02 2.359607162743432231e-09
4.366798270867608380e+02 2.442994859950409484e-09
4.400149820340824931e+02 2.529329449400826990e-09
4.433756093248298953e+02 2.618715073242580665e-09
4.467619035047707143e+02 2.711259553970880390e-09
4.501740606055216176e+02 2.807074524490445680e-09
4.536122781558970587e+02 2.906275562774070217e-09
4.570767551933419099e+02 3.008982331279907649e-09
4.605676922754570910e+02 3.115318721295843815e-09
4.640852914916073360e+02 3.225413002384806845e-09
4.676297564746209332e+02 3.339397977111518351e-09
4.712012924125782547e+02 3.457411141237193846e-09
4.748001060606883357e+02 3.579594849575438319e-09
4.784264057532603829e+02 3.706096487709540327e-09
4.820804014157627648e+02 3.841326854408494063e-09
4.857623045769755663e+02 3.981927353759850733e-09
4.894723283812366503e+02 4.127674121879055559e-09
4.932106876007784990e+02 4.278755522835557890e-09
4.969775986481643031e+02 4.435366815212993772e-09
5.007732795888140913e+02 4.597710404462551270e-09
5.045979501536288581e+02 4.765996104493125850e-09
5.084518317517112678e+02 4.940441408836180687e-09
5.123351474831810037e+02 5.121271771735739526e-09
5.162481221520928329e+02 5.308720899527009982e-09
5.201909822794486900e+02 5.503031052679915148e-09
5.241639561163113967e+02 5.704453358898107494e-09
5.281672736570181996e+02 5.913248137678058125e-09
5.322011666524933844e+02 6.129685236747578820e-09
5.362658686236673020e+02 6.354044380818927605e-09
5.403616148749925969e+02 6.586615533106718214e-09
5.444886425080666186e+02 6.827699270078332931e-09
5.486471904353577429e+02 7.077607169920895822e-09
5.528374993940334434e+02 7.336662215226813977e-09
5.570598119599002302e+02 7.605199210418796330e-09
5.613143725614436335e+02 7.883565214453118416e-09
5.656014274939791449e+02 8.172119989360915978e-09
5.699212249339103664e+02 8.471236465206976378e-09
5.742740149530936833e+02 8.781301222066865359e-09
5.786600495333184426e+02 9.107958906993034230e-09
5.830795825808914969e+02 9.452841051369662332e-09
5.875328699413367985e+02 9.810782509553525255e-09
5.920201694142064071e+02 1.018227778576850546e-08
5.965417407680022279e+02 1.056784010914461672e-08
6.010978457552174632e+02 1.096800214275598650e-08
6.056887481274870879e+02 1.138331671950675035e-08
6.103147136508569019e+02 1.181435760588223415e-08
6.149760101211693382e+02 1.226172029462046172e-08
6.196729073795632985e+02 1.272602282739849325e-08
6.244056773280992729e+02 1.320790664867146761e-08
6.291745939454973495e+02 1.370803749184235119e-08
6.339799333029976651e+02 1.422710629898771431e-08
6.388219735803432968e+02 1.476583017540996036e-08
6.437009950818813877e+02 1.532495338033422591e-08
6.486172802527937620e+02 1.590524835511979940e-08
6.535711136954447511e+02 1.650751679040501209e-08
6.585627821858574862e+02 1.713259073366103524e-08
6.635925746903163827e+02 1.778133373868451520e-08
6.686607823820919521e+02 1.845464205861617600e-08
6.737676986583011285e+02 1.916996213583609632e-08
6.789136191568894674e+02 1.992011175735044017e-08
6.840988417737457894e+02 2.069961586849135214e-08
6.893236666799480190e+02 2.150962315484979651e-08
6.945883963391378302e+02 2.235132725182154967e-08
6.998933355250335353e+02 2.322596850356159541e-08
7.052387913390709855e+02 2.413483579076821569e-08
7.106250732281821456e+02 2.507926842999133096e-08
7.160524930027100936e+02 2.606065814726407393e-08
7.215213648544558964e+02 2.708045112896429311e-08
7.270320053748720284e+02 2.814015015293129639e-08
7.325847335733867567e+02 2.924131680297473536e-08
7.381798708958721136e+02 3.038557377004126328e-08
7.438177412432532947e+02 3.157460724342958648e-08
7.494986709902557322e+02 3.281016939557618354e-08
7.552229890043038267e+02 3.409408096407647586e-08
7.609910266645557613e+02 3.545339128622473682e-08
7.668031178810878146e+02 3.688565688717352735e-08
7.726595991142248749e+02 3.837578394163199486e-08
7.785608093940149956e+02 3.992610996842305341e-08
7.845070903398607243e+02 4.153906691874136041e-08
7.904987861802918587e+02 4.321718499108328933e-08
7.965362437728934992e+02 4.496309660029561255e-08
8.026198126243868955e+02 4.677954050696843428e-08
8.087498449108584282e+02 4.866936611364755679e-08
8.149266954981518438e+02 5.063553793461077955e-08
8.211507219624088521e+02 5.268114024621415936e-08
8.274222846107689975e+02 5.480938192510620110e-08
8.337417465022290344e+02 5.702360148189948691e-08
8.401094734686571428e+02 5.933552166543588502e-08
8.465258341359752876e+02 6.180786267914599677e-08
8.529911999454960778e+02 6.438321905223115035e-08
8.595059451754268594e+02 6.706588313926930168e-08
8.660704469625328557e+02 6.986032614494171987e-08
8.726850853239753860e+02 7.277120557620686731e-08
8.793502431793068581e+02 7.580337300497988902e-08
8.860663063726387918e+02 7.896188215426318688e-08
8.928336636949796912e+02 8.225199732120336721e-08
8.996527069067376488e+02 8.567920215110947406e-08
9.065238307604054171e+02 8.924920877706533329e-08
9.134474330234081663e+02 9.296796734035685854e-08
9.204239145011316623e+02 9.690960887998633361e-08
9.274536790601254097e+02 1.010706420311032258e-07
9.345371336514787117e+02 1.054103385478528874e-07
9.416746883343843137e+02 1.099363697457621523e-07
9.488667562998734866e+02 1.146567363256337441e-07
9.561137538947356234e+02 1.195797825164464628e-07
9.634161006456222367e+02 1.247142108255163070e-07
9.707742192833288755e+02 1.300690974219831647e-07
9.781885357672726968e+02 1.356539081808308028e-07
9.856594793101476171e+02 1.414785154157847106e-07
9.931874824027718205e+02 1.476424756086114586e-07
1.000772980839125921e+03 1.541695927042617711e-07
1.008416413741576662e+03 1.609852667169142811e-07
1.016118223586303884e+03 1.681022544415116095e-07
1.023878856228910990e+03 1.755338766373559388e-07
1.031698760930236858e+03 1.832940429603763518e-07
1.039578390382363750e+03 1.913972779976229666e-07
1.047518200734820539e+03 1.998587484527160573e-07
1.055518651620993523e+03 2.086942915331430769e-07
1.063580206184732560e+03 2.180772654931435973e-07
1.071703331107161603e+03 2.279958919688616701e-07
1.079888496633696150e+03 2.383656390643410388e-07
1.088136176601262150e+03 2.492070247226703494e-07
1.096446848465731591e+03 2.605415000874433048e-07
1.104820993329559315e+03 2.723914919467364292e-07
1.113259095969633336e+03 2.847804471075306407e-07
1.121761644865341395e+03 2.977328787883873150e-07
1.130329132226842376e+03 3.115332622419233683e-07
1.138962054023569181e+03 3.260996064595523144e-07
1.147660910012933755e+03 3.413470284611056136e-07
1.156426203769260155e+03 3.573073733643988292e-07
1.165258442712937722e+03 3.740139752677349040e-07
1.174158138139789116e+03 3.915017268700751479e-07
1.183125805250678923e+03 4.098071523464639315e-07
1.192161963181330748e+03 4.293106943749796862e-07
1.201267135032383294e+03 4.499318959754120117e-07
1.210441847899673121e+03 4.715436015651900783e-07
1.219686632904742055e+03 4.941933883016383999e-07
1.229002025225592433e+03 5.179311186291006463e-07
1.238388564127663358e+03 5.428090500487624390e-07
1.247846792995049100e+03 5.691710616166421474e-07
1.257377259361956703e+03 5.972375543508599338e-07
1.266980514944398919e+03 6.266880387661732617e-07
1.276657115672138389e+03 6.575907611159190084e-07
1.286407621720867382e+03 6.900173329562444427e-07
1.296232597544635382e+03 7.240428970931335397e-07
1.306132611908528361e+03 7.605716424871636024e-07
1.316108237921587488e+03 7.990494352937022822e-07
1.326160053069995683e+03 8.394738435885873692e-07
1.336288639250501774e+03 8.819433478610343882e-07
1.346494582804108177e+03 9.265646418355519520e-07
1.356778474550014835e+03 9.746270618360089912e-07
1.367140909819817125e+03 1.025182557993266499e-06
1.377582488491976619e+03 1.078360450235946554e-06
1.388103815026542861e+03 1.134296766528398642e-06
1.398705498500146632e+03 1.194127205940054779e-06
1.409388152641260831e+03 1.257600086151723221e-06
1.420152395865723065e+03 1.324446816739055485e-06
1.430998851312544730e+03 1.394846732030669664e-06
1.441928146879977476e+03 1.470535365974434120e-06
1.452940915261864802e+03 1.550588868011183257e-06
1.464037793984269229e+03 1.635000349690344463e-06
1.475219425442372767e+03 1.725026361542614405e-06
1.486486456937673893e+03 1.821151798712990284e-06
1.497839540715453495e+03 1.922633733544614121e-06
1.509279334002535279e+03 2.030986094602410119e-06
1.520806499045333339e+03 2.146775268894879295e-06
1.532421703148183269e+03 2.269165735495022277e-06
1.544125618711982270e+03 2.400968292146301367e-06
1.555918923273106884e+03 2.540945095470528808e-06
1.567802299542637684e+03 2.690606706093645943e-06
1.579776435445883180e+03 2.850941456722178727e-06
1.591842024162196140e+03 3.022121351234015605e-06
1.603999764165112083e+03 3.206115774177239038e-06
1.616250359262776556e+03 3.403203296047115757e-06
1.628594518638690715e+03 3.614801198468536276e-06
1.641032956892767288e+03 3.843081214921567118e-06
1.653566394082691431e+03 4.088089108617853534e-06
1.666195555765614927e+03 4.352866256064759756e-06
1.678921173040151643e+03 4.639469257954116524e-06
1.691743982588703375e+03 4.949394205774087785e-06
1.704664726720105818e+03 5.285501434482414441e-06
1.717684153412595833e+03 5.650974853549402430e-06
1.730803016357120669e+03 6.049370316913178967e-06
1.744022075000962786e+03 6.484671173027408581e-06
1.757342094591706882e+03 6.961352126064113768e-06
1.770763846221533640e+03 7.486845578096272914e-06
1.784288106871867512e+03 8.065890232469768992e-06
1.797915659458350092e+03 8.709054078371562693e-06
1.811647292876163647e+03 9.425593056884724457e-06
1.825483802045702532e+03 1.023001945253008692e-05
1.839425987958583391e+03 1.113789874222543909e-05
1.853474657724025064e+03 1.217242842830674019e-05
1.867630624615565239e+03 1.336318499338647350e-05
1.881894708118141352e+03 1.475206340507072798e-05
1.896267733975533247e+03 1.639979332095630062e-05
1.910750534238157798e+03 1.839913073859832381e-05
1.925343947311246211e+03 2.090547619916724385e-05
1.940048818003372617e+03 2.420649366137407602e-05
1.954865997575361234e+03 2.895785401011080208e-05
1.969796343789567800e+03 3.737499945956530584e-05
1.984840720959527289e+03 6.082254481842493414e-05
2.000000000000000227e+03 1.117921563979253346e-04
