-36.262635 287.447640
14.658682 349.288486
24.420837 304.883087
18.127358 117.788147
-23.048285 260.272908
22.402456 250.069770
-10.760422 287.955343
4.861030 7.614285
-22.924678 262.590285
6.010611 333.661879
12.940413 287.540423
-44.834966 161.459112
-11.583702 250.909006
-27.037078 267.886222
-1.986882 93.433232
-20.598984 270.522230
7.101056 297.373489
-67.486829 107.975788
-39.384784 266.952986
-32.020856 321.182699
-20.992241 92.556648
-10.774703 280.921925
17.582924 308.364643
3.455331 285.774137
-4.423133 8.590976
18.538162 34.526489
5.145405 298.866149
3.553020 264.724860
29.117306 153.139323
-21.491324 243.652113
-6.161531 326.460252
13.792884 287.980019
27.970811 101.496175
-29.102951 240.216264
-30.258085 135.183138
21.583091 294.910672
-10.418140 266.122531
6.051547 304.344604
20.950744 350.593063
-13.707076 270.462806
1.261282 290.843722
13.062241 283.488828
-18.951383 142.829656
10.044092 95.342143
-7.384737 278.114973
-23.130321 276.133366
-32.487117 223.949874
-46.747605 69.315895
7.793749 258.456386
-26.707962 271.088055
2.732689 337.462023
-12.601093 302.691336
9.721446 284.401628
-56.646052 322.344862
20.706137 345.695745
-5.290309 289.700138
10.031351 155.741672
17.512581 55.097034
9.389960 5.820332
-71.957575 240.898656
13.862258 265.379772
-6.677935 156.161147
17.191369 310.837009
9.123072 296.038871
