4.999999999999999277e-10 7.485057455565217602e-12
5.069697288376468316e-10 7.388424316966029917e-12
5.140366119154322582e-10 7.293212806744048549e-12
5.212020035107789295e-10 7.199404927533276790e-12
5.284672767789935578e-10 7.106982961912586017e-12
5.358338240164320818e-10 7.015929469504365162e-12
5.433030569272977786e-10 6.926227284150607680e-12
5.508764068941936368e-10 6.837859511165307557e-12
5.585553252524108979e-10 6.750809524664404301e-12
5.663412835680768096e-10 6.665060964974394911e-12
5.742357739201455629e-10 6.580597736119715415e-12
5.822403091863426355e-10 6.497404003390930842e-12
5.903564233330956295e-10 6.415464190992916956e-12
5.985856717094827244e-10 6.334762979776598533e-12
6.069296313453143452e-10 6.255285305053299888e-12
6.153899012533316057e-10 6.177016354494290151e-12
6.239681027356556316e-10 6.099941566116471655e-12
6.326658796944726701e-10 6.024046626356003110e-12
6.414848989470736839e-10 5.949317468231424693e-12
6.504268505452865852e-10 5.875740269598003225e-12
6.594934480993345062e-10 5.803301451495808866e-12
6.686864291062487325e-10 5.731987676592642126e-12
6.780075552828159309e-10 5.661785847725237037e-12
6.874586129032101143e-10 5.592683106540150898e-12
6.970414131412877340e-10 5.524666832237906202e-12
7.067577924176977904e-10 5.457724640422175602e-12
7.166096127517883503e-10 5.391844382058092531e-12
7.265987621184476105e-10 5.327014142541753785e-12
7.367271548099185909e-10 5.263222240885453896e-12
7.469967318026279909e-10 5.200457229021640915e-12
7.574094611291735494e-10 5.138707891229492844e-12
7.679673382554475774e-10 5.077963243688769205e-12
7.786723864630674736e-10 5.018212534165059127e-12
7.895266572370862378e-10 4.959445241831232307e-12
8.005322306591587575e-10 4.901651077230249007e-12
8.116912158061406023e-10 4.844819982385052287e-12
8.230057511542747350e-10 4.788942131060617047e-12
8.344780049890131824e-10 4.734007929185217601e-12
8.461101758205177153e-10 4.680008015437094224e-12
8.579044928050032155e-10 4.626933262003421245e-12
8.698632161718993275e-10 4.574774775519651414e-12
8.819886376570225080e-10 4.523523898196711050e-12
8.942830809417290045e-10 4.473172209145170791e-12
9.067489020982474944e-10 4.423711525905062021e-12
9.193884900411652232e-10 4.375133906191631050e-12
9.322042669852425914e-10 4.327431649867108278e-12
9.451986889096115085e-10 4.280597301149841851e-12
9.583742460284064196e-10 4.234623651072878772e-12
9.717334632680109163e-10 4.189503740204449653e-12
9.852789007508980105e-10 4.145230861644313354e-12
9.990131542862752106e-10 4.101798564310347505e-12
1.012938855867510409e-09 4.059200656531170005e-12
1.027058674176531939e-09 4.017431209961386003e-12
1.041375315095259248e-09 3.976484563837334404e-12
1.055891522224120862e-09 3.936355329592646639e-12
1.070610077407865595e-09 3.897038395853909457e-12
1.085533801268631236e-09 3.858528933838615387e-12
1.100665553746515971e-09 3.820822403178731545e-12
1.116008234647614909e-09 3.783914558195440533e-12
1.131564784199764676e-09 3.747801454651805143e-12
1.147338183615970261e-09 3.712479457012816266e-12
1.163331455665728732e-09 3.677945246243709203e-12
1.179547665254319125e-09 3.644195828180255985e-12
1.195989920010118464e-09 3.611228542507149739e-12
1.212661370880177589e-09 3.579041072382984193e-12
1.229565212734020612e-09 3.547631454753812967e-12
1.246704684975940139e-09 3.516998091399808192e-12
1.264083072165747512e-09 3.487139760763696485e-12
1.281703704648257256e-09 3.458055630612574955e-12
1.299569959191468917e-09 3.429745271589553419e-12
1.317685259633696306e-09 3.402208671715428500e-12
1.336053077539718795e-09 3.375446251905679917e-12
1.354676932866024168e-09 3.349458882573370343e-12
1.373560394635407078e-09 3.324247901393681492e-12
1.392707081620881360e-09 3.299815132312690591e-12
1.412120663039217622e-09 3.276162905888802284e-12
1.431804859254054827e-09 3.253294081063496114e-12
1.451763442488906826e-09 3.231212068465030326e-12
1.472000237550019774e-09 3.209920855358245589e-12
1.492519122559364582e-09 3.189425032362426083e-12
1.513324029697847532e-09 3.169729822069947309e-12
1.534418945958819289e-09 3.150841109709475677e-12
1.555807913912181336e-09 3.132765476009982279e-12
1.577495032479040825e-09 3.115510232435276563e-12
1.599484457717268703e-09 3.099083458973629021e-12
1.621780403617902174e-09 3.083494044683333505e-12
1.644387142912754837e-09 3.068751731212712466e-12
1.667309007893184462e-09 3.054867159532833133e-12
1.690550391240340784e-09 3.041851920142568361e-12
1.714115746866986802e-09 3.029718607029227908e-12
1.738009590770986834e-09 3.018480875694053788e-12
1.762236501900793661e-09 3.008153505580358586e-12
1.786801123032890284e-09 2.998752467273709124e-12
1.811708161661574669e-09 2.990294994878122924e-12
1.836962390901040531e-09 2.982799664010766609e-12
1.862568650400104465e-09 2.976286475899672429e-12
1.888531847269685725e-09 2.970776948115987755e-12
1.914856957023138116e-09 2.966294212523763150e-12
1.941549024529804360e-09 2.962863121087521274e-12
1.968613164981737325e-09 2.960510360241116847e-12
1.996054564874026510e-09 2.959264574591684454e-12
2.023878482998656792e-09 2.959156500810064359e-12
2.052090251452354383e-09 2.960219112645594668e-12
2.080695276658357546e-09 2.962487778099137339e-12
2.109699040402511595e-09 2.966000429894522930e-12
2.139107100883810612e-09 2.970797750507533605e-12
2.168925093779492156e-09 2.976923373143256327e-12
2.199158733325113873e-09 2.984424100199895651e-12
2.229813813409542936e-09 2.993350140920810716e-12
2.260896208685350883e-09 3.003755370119761081e-12
2.292411875694552257e-09 3.015697610068104750e-12
2.324366854010127911e-09 3.029238937861083641e-12
2.356767267393457894e-09 3.044446020835154648e-12
2.389619324967797091e-09 3.061390482893465523e-12
2.422929322408249807e-09 3.080149304916057929e-12
2.456703643148177951e-09 3.100805262788692176e-12
2.490948759602582133e-09 3.123447406985126378e-12
2.525671234408377520e-09 3.148171588086833361e-12
2.560877721682120298e-09 3.175081033128434504e-12
2.596574968295111141e-09 3.204286978222563332e-12
2.632769815166377352e-09 3.235909363553467953e-12
2.669469198573680102e-09 3.270077597541788820e-12
2.706680151482687386e-09 3.306931397784642628e-12
2.744409804894838354e-09 3.346621717275847538e-12
2.782665389213819635e-09 3.389311765423057600e-12
2.821454235631270699e-09 3.435178134516265872e-12
2.860783777531619438e-09 3.484412043579422939e-12
2.900661551916688599e-09 3.537220712972977022e-12
2.941095200849983736e-09 3.593828884725628157e-12
2.982092472921229309e-09 3.654480505382219364e-12
3.023661224731327040e-09 3.719440590180428781e-12
3.065809422397884187e-09 3.788997289637512816e-12
3.108545143081916397e-09 3.863464182164925946e-12
3.151876576535633739e-09 3.943182819156773718e-12
3.195812026672002272e-09 4.028525552148840603e-12
3.240359913155978564e-09 4.119898675138273950e-12
3.285528773018134756e-09 4.217745919020167915e-12
3.331327262290581101e-09 4.322552339349691900e-12
3.377764157665819199e-09 4.434848643295597999e-12
3.424848358178726498e-09 4.555216006711551402e-12
3.472588886911844140e-09 4.684291437702666164e-12
3.520994892724647247e-09 4.822773748872973081e-12
3.570075652006693844e-09 4.971430206529429396e-12
3.619840570455437827e-09 5.131103931386208399e-12
3.670299184878598032e-09 5.302722131574675323e-12
3.721461165021878315e-09 5.487305254776381231e-12
3.773336315421950976e-09 5.685977151684088374e-12
3.825934577285408269e-09 5.899976347266204812e-12
3.879266030393921069e-09 6.130668518764456194e-12
3.933340895035786254e-09 6.379560279073223621e-12
3.988169533964639935e-09 6.648314359907194358e-12
4.043762454385219495e-09 6.938766279350278751e-12
4.100130309967064482e-09 7.252942560940036174e-12
4.157283902886039715e-09 7.593080543731613310e-12
4.215234185894482986e-09 7.961649781526714313e-12
4.273992264420210602e-09 8.361374970576517973e-12
4.333569398694611565e-09 8.795260263690324187e-12
4.393977005910663357e-09 9.266614719069831252e-12
4.455226662410751038e-09 9.779078487808795958e-12
4.517330105905266570e-09 1.033664915783870064e-11
4.580299237721844420e-09 1.094370743707138772e-11
4.644146125086249233e-09 1.160504106844601557e-11
4.708883003434768338e-09 1.232586552064151720e-11
4.774522278759037995e-09 1.311183959108092602e-11
4.841076529983547425e-09 1.396907360083512246e-11
4.908558511376091086e-09 1.490412737439859479e-11
4.976981154992121299e-09 1.592399471860501477e-11
5.046357573152848189e-09 1.703607070523823768e-11
5.116701060958211076e-09 1.824809781233642838e-11
5.188025098834568290e-09 1.956808701595091226e-11
5.260343355118113748e-09 2.100421040998993705e-11
5.333669688674295739e-09 2.256466305965869988e-11
5.408018151553546452e-09 2.425749376870065817e-11
5.483402991684347958e-09 2.609040744281039960e-11
5.559838655603488237e-09 2.807054586083209472e-11
5.637339791224735599e-09 3.020425886332537977e-11
5.715921250645738785e-09 3.249688392999770995e-11
5.795598092994427417e-09 3.495255821499239296e-11
5.876385587314737445e-09 3.757409235729705580e-11
5.958299215492793169e-09 4.036293849859084291e-11
6.041354675223891601e-09 4.331928452261375050e-11
6.125567883020587773e-09 4.644230138369347246e-11
6.210954977263092822e-09 4.973055994141784692e-11
6.297532321291781350e-09 5.318261840323223098e-11
6.385316506543222554e-09 5.679776297103305404e-11
6.474324355729510120e-09 6.057686538264350742e-11
6.564572926062326046e-09 6.452330512064327329e-11
6.656079512521551450e-09 6.864389426524509931e-11
6.748861651169708150e-09 7.294974126114352036e-11
6.842937122512601581e-09 7.745699637948292993e-11
6.938323954906534818e-09 8.218743453332023567e-11
7.035040428013431242e-09 8.716884697052544278e-11
7.133105076303676424e-09 9.243522821857956010e-11
7.232536692608235164e-09 9.802675489252936405e-11
7.333354331719826954e-09 1.039895562430469993e-10
7.435577314044767913e-09 1.103752719565310599e-10
7.539225229305269904e-09 1.172403818326485679e-10
7.644317940293646068e-09 1.246452772732784617e-10
7.750875586678859520e-09 1.326530301364695821e-10
7.858918588865804804e-09 1.413278058291491321e-10
7.968467651908879699e-09 1.507328711179768827e-10
8.079543769479578532e-09 1.609281705625736227e-10
8.192168227889921841e-09 1.719674963845979140e-10
8.306362610171446098e-09 1.838953608836760303e-10
8.422148800211574962e-09 1.967437989865764222e-10
8.539548986947150356e-09 2.105294721296929514e-10
8.658585668616762859e-09 2.252515896480089787e-10
8.779281657072351236e-09 2.408912691900283673e-10
8.901660082150559157e-09 2.574129690995970380e-10
9.025744396105549774e-09 2.747684893728802231e-10
9.151558378103044904e-09 2.929037239429803682e-10
9.279126138777593896e-09 3.117678762615708868e-10
9.408472124852757854e-09 3.313243080269152987e-10
9.539621123826323492e-09 3.515617155484666677e-10
9.672598268720240567e-09 3.725040657923717348e-10
9.807429042897145686e-09 3.942177675893632075e-10
9.944139284944058158e-09 4.168148961950749493e-10
1.008275519362374086e-08 4.404518231087953313e-10
1.022330333289558729e-08 4.653231658382795542e-10
1.036581063700615394e-08 4.916514224703408514e-10
1.051030441565079046e-08 5.196729337674713883e-10
1.065681235920718657e-08 5.496209647901503459e-10
1.080536254404188131e-08 5.817068424529275262e-10
1.095598343789073541e-08 6.161003733866020906e-10
1.110870390531441077e-08 6.529113006061920464e-10
1.126355321322991248e-08 6.921743210563351930e-10
1.142056103651912657e-08 7.338409812035645864e-10
1.157975746371577099e-08 7.777821961786082266e-10
1.174117300277138057e-08 8.238046753455932992e-10
1.190483858690178978e-08 8.716827436040555394e-10
1.207078558051508785e-08 9.212038824533589666e-10
1.223904578522219930e-08 9.722223984341236488e-10
1.240965144593128768e-08 1.024712208084725736e-09
1.258263525702694358e-08 1.078808216824041125e-09
1.275803036863593061e-08 1.134826998183536163e-09
1.293587039297961810e-08 1.193261177936482732e-09
1.311618941081561707e-08 1.254746821037114228e-09
1.329902197796878974e-08 1.320007660979672385e-09
1.348440313195346060e-08 1.389783246585014759e-09
1.367236839868789790e-08 1.464750064930289471e-09
1.386295379930240380e-08 1.545446217254763517e-09
1.405619585704233350e-08 1.632212013137380001e-09
1.425213160426715654e-08 1.725160736684527606e-09
1.445079858954755568e-08 1.824194288028541121e-09
1.465223488486072028e-08 1.929074866185012223e-09
1.485647909288666827e-08 2.039554186671435457e-09
1.506357035440581833e-08 2.155546238800175211e-09
1.527354835579983885e-08 2.277312470922558165e-09
1.548645333665703269e-08 2.405616646900149732e-09
1.570232609748374335e-08 2.541806780375691435e-09
1.592120800752327804e-08 2.687794923992330438e-09
1.614314101268366621e-08 2.845927494545808797e-09
1.636816764357623719e-08 3.018761887903516909e-09
1.659633102366594650e-08 3.208784663186250331e-09
1.682767487753546943e-08 3.418123120188689847e-09
1.706224353926444459e-08 3.648318669699704219e-09
1.730008196092554203e-08 3.900245569692569602e-09
1.754123572119894047e-08 4.174260679412672552e-09
1.778575103410690786e-08 4.470638986275419145e-09
1.803367475787015627e-08 4.790271823239476353e-09
1.828505440388746309e-08 5.135492214146147423e-09
1.853993814584085834e-08 5.510790915324314972e-09
1.879837482892733420e-08 5.923155066059035910e-09
1.906041397921943587e-08 6.381825478684239163e-09
1.932610581315630544e-08 6.897403999345454688e-09
1.959550124716700855e-08 7.480405935785833583e-09
1.986865190742805939e-08 8.139537634277790788e-09
2.014561013975671593e-08 8.880219588571875776e-09
2.042642901964282458e-08 9.704153346305810214e-09
2.071116236241948553e-08 1.061084569400953845e-08
2.099986473357652929e-08 1.160158187524124779e-08
2.129259145921706887e-08 1.268516492422442965e-08
2.158939863666010572e-08 1.388323792541909383e-08
2.189034314519083032e-08 1.523219462793868975e-08
2.219548265696082781e-08 1.677922073409202075e-08
2.250487564804025321e-08 1.857150749060994095e-08
2.281858140962376629e-08 2.063969377128874609e-08
2.313666005939346203e-08 2.298018197063740081e-08
2.345917255303899183e-08 2.554742792752778279e-08
2.378618069593944489e-08 2.827245228663268543e-08
2.411774715500733380e-08 3.111496901330934704e-08
2.445393547069794679e-08 3.412775739510357222e-08
2.479481006918605512e-08 3.748770791126950447e-08
2.514043627471237125e-08 4.145960898275637436e-08
2.549088032210214650e-08 4.628798679724208031e-08
2.584620936945801607e-08 5.202337023250222675e-08
2.620649151103030396e-08 5.832568429321343893e-08
2.657179579026620415e-08 6.443894186191756266e-08
2.694219221304111351e-08 6.964432680784191349e-08
2.731775176107437638e-08 7.407587966613722162e-08
2.769854640553199839e-08 7.915981543213137379e-08
2.808464912081907260e-08 8.748953708789239948e-08
2.847613389856409157e-08 1.030881109906495722e-07
2.887307576179912597e-08 1.333851909957332081e-07
2.927555077933621698e-08 1.956071326039384767e-07
2.968363608034562727e-08 3.385909844215732071e-07
3.009740986913636742e-08 7.369870726091245833e-07
3.051695144014310387e-08 2.271661553682114332e-06
3.094234119312191013e-08 1.315566527328323322e-05
3.137366064855786561e-08 4.174812309752313285e-04
3.181099246328747319e-08 1.892734598120948686e-02
3.225442044633842681e-08 4.700224787909692268e-05
3.270402957499129506e-08 5.388865695101314405e-06
3.315990601106337223e-08 1.544868380715215869e-06
3.362213711742124155e-08 6.978833811701986533e-07
3.409081147472238797e-08 4.218332204664471144e-07
3.456601889839063180e-08 3.154228819897103235e-07
3.504785045582808303e-08 2.778950093485830364e-07
3.553639848386705746e-08 2.764113963569004622e-07
3.603175660646529642e-08 2.950524895883041008e-07
3.653401975264752749e-08 3.184248403432892678e-07
3.704328417469783299e-08 3.322011852690384501e-07
3.755964746660483796e-08 3.346114677158279451e-07
3.808320858276445574e-08 3.352738480315791812e-07
3.861406785694320864e-08 3.414585359179935240e-07
3.915232702150590892e-08 3.518312287372078222e-07
3.969808922691137278e-08 3.600186442899711101e-07
4.025145906147985986e-08 3.627217876341855637e-07
4.081254257143617564e-08 3.633701663275348002e-07
4.138144728123175208e-08 3.669219243482185771e-07
4.195828221415080194e-08 3.742934451560865214e-07
4.254315791320290262e-08 3.828717612928373642e-07
4.313618646230724378e-08 3.910930950733640058e-07
4.373748150777207269e-08 4.009644297769841008e-07
4.434715828007351269e-08 4.154021781050677536e-07
4.496533361593815551e-08 4.346567517655262183e-07
4.559212598073280230e-08 4.567503171490005554e-07
4.622765549116789130e-08 4.811345733329766847e-07
4.687204393831499625e-08 5.100263298044044188e-07
4.752541481094755370e-08 5.450670906354269930e-07
4.818789331920544159e-08 5.845770389260765925e-07
4.885960641858997341e-08 6.263067584958077646e-07
4.954068283429332482e-08 6.714687668197550325e-07
5.023125308586700502e-08 7.222946274000414258e-07
5.093144951223442207e-08 7.769267670235240450e-07
5.164140629705136694e-08 8.321605459409515105e-07
5.236125949442176178e-08 8.903068415816754301e-07
5.309114705496922810e-08 9.558740174982803751e-07
5.383120885227465932e-08 1.027432015225653693e-06
5.458158670968073055e-08 1.103095895541292073e-06
5.534242442747059185e-08 1.190864158344924634e-06
5.611386781042546312e-08 1.298934879186289189e-06
5.689606469576569008e-08 1.422388852875992300e-06
5.768916498148308977e-08 1.561657013008224094e-06
5.849332065506528039e-08 1.739779919718286642e-06
5.930868582262395322e-08 1.958511319392300821e-06
6.013541673842559106e-08 2.173335512928117800e-06
6.097367183483690193e-08 2.427097735500515962e-06
6.182361175268574898e-08 2.939768802542957345e-06
6.268539937204597391e-08 3.838954263663414634e-06
6.355919984345149424e-08 4.436706063929177237e-06
6.444518061954456432e-08 4.059477598887227308e-06
6.534351148716737885e-08 3.616629917525148380e-06
6.625436459989754803e-08 3.577925825744619100e-06
6.717791451104130141e-08 3.692240918213567051e-06
6.811433820708232928e-08 3.731108646801992363e-06
6.906381514160046266e-08 3.783254311189621262e-06
7.002652726966097275e-08 3.902922443316953514e-06
7.100265908268407182e-08 4.040577354850773999e-06
7.199239764380046552e-08 4.228293824467516732e-06
7.299593262369884597e-08 4.484627248598881059e-06
7.401345633697549015e-08 4.775369934969032417e-06
7.504516377898682377e-08 5.118827999605596839e-06
7.609125266321933701e-08 5.505455170947935604e-06
7.715192345917821527e-08 5.906136792467089259e-06
7.822737943080478318e-08 6.340071068642570367e-06
7.931782667542947203e-08 6.784359886090655574e-06
8.042347416326774840e-08 7.245576753795234746e-06
8.154453377746670700e-08 7.744531845750886589e-06
8.268122035470893171e-08 8.267678177570018854e-06
8.383375172638503336e-08 8.849371299181790738e-06
8.500234876033589662e-08 9.475824824192367350e-06
8.618723540318098098e-08 1.015575091108711876e-05
8.738863872323402591e-08 1.089133108218517930e-05
8.860678895401791268e-08 1.166397946026669687e-05
8.984191953838613413e-08 1.249759385926155642e-05
9.109426717325824418e-08 1.336951873679305816e-05
9.236407185498178093e-08 1.431758060519952855e-05
9.365157692532172196e-08 1.532565910547640422e-05
9.495702911809676848e-08 1.642488383948915941e-05
9.628067860645991710e-08 1.759926414666886164e-05
9.762277905084303926e-08 1.886371300606025567e-05
9.898358764756661981e-08 2.020598748165621926e-05
1.003633651781284057e-07 2.164064185265018476e-05
1.017623760591789849e-07 2.317020957125355654e-05
1.031808883931928198e-07 2.481937042193567249e-05
1.046191740198489345e-07 2.659057667254385537e-05
1.060775085681223824e-07 2.850533530825572541e-05
1.075561715091083443e-07 3.054409311626803038e-05
1.090554462095759848e-07 3.273251658801305960e-05
1.105756199862744216e-07 3.504611410044765996e-05
1.121169841609922358e-07 3.754276593754098590e-05
1.136798341163857444e-07 4.020757478351001625e-05
1.152644693525855240e-07 4.309954153543612458e-05
1.168711935445906088e-07 4.619587454907562822e-05
1.185003146004664968e-07 4.950528101859416537e-05
1.201521447203484720e-07 5.304046035478610479e-05
1.218270004562732986e-07 5.679213931083360842e-05
1.235252027728412595e-07 6.084546049341531569e-05
1.252470771087250940e-07 6.520132002335226132e-05
1.269929534390364392e-07 6.988725008163506431e-05
1.287631663385599091e-07 7.491798316729060981e-05
1.305580550458730920e-07 8.024828777216091308e-05
1.323779635283531797e-07 8.594752681967869699e-05
1.342232405480982323e-07 9.208568558362221839e-05
1.360942397287589519e-07 9.868184958651746966e-05
1.379913196233089940e-07 1.057841456715903931e-04
1.399148437827557780e-07 1.133799210574447912e-04
1.418651808258105612e-07 1.214404671043944325e-04
1.438427045095298484e-07 1.300675752236841553e-04
1.458477938009396248e-07 1.393937632544971195e-04
1.478808329496628194e-07 1.494342376586515130e-04
1.499422115615512173e-07 1.601475780435398426e-04
1.520323246733533993e-07 1.715585001124508954e-04
1.541515728284138384e-07 1.837795809916350001e-04
1.563003621534351542e-07 1.969430819880937109e-04
1.584791044363057241e-07 2.111072022719565728e-04
1.606882172050137459e-07 2.262439610529179336e-04
1.629281238076614639e-07 2.423690614510744907e-04
1.651992534935927141e-07 2.596509385472331997e-04
1.675020414956567906e-07 2.782911724016351321e-04
1.698369291136101151e-07 2.983165003291755727e-04
1.722043637986911536e-07 3.196442030016354171e-04
1.746047992393635497e-07 3.423845217083106062e-04
1.770386954482634742e-07 3.668712538779802211e-04
1.795065188503533884e-07 3.932867411789133438e-04
1.820087423723068627e-07 4.215106389716270687e-04
1.845458455331390910e-07 4.515488054002187064e-04
1.871183145360988214e-07 4.838097133225631018e-04
1.897266423618470890e-07 5.186210416389823354e-04
1.923713288629252651e-07 5.558451004887539435e-04
1.950528808595496403e-07 5.954542662583641333e-04
1.977718122367350534e-07 6.380071817825966850e-04
2.005286440427747544e-07 6.839200009593300253e-04
2.033239045890930950e-07 7.329523368603932431e-04
2.061581295514873795e-07 7.851756495350799541e-04
2.090318620727880733e-07 8.414178254370316716e-04
2.119456528669386904e-07 9.019717213341912725e-04
2.149000603245399106e-07 9.664373823462960120e-04
2.178956506198514667e-07 1.035357081253698635e-03
2.209329978192970382e-07 1.109760240336968642e-03
2.240126839914744553e-07 1.189392086537869589e-03
2.271352993187021035e-07 1.274173174557085338e-03
2.303014422101203470e-07 1.365532417002160914e-03
2.335117194163665030e-07 1.463799177539567686e-03
2.367667461458560264e-07 1.568298260691341432e-03
2.400671461826722125e-07 1.680439308358034570e-03
2.434135520061141497e-07 1.801301722578055927e-03
2.468066049118958060e-07 1.930028369616394431e-03
2.502469551350476240e-07 2.068065009930352121e-03
2.537352619745232733e-07 2.216878469731265421e-03
2.572721939195462081e-07 2.375218062319250575e-03
2.608584287777176833e-07 2.545083490813304997e-03
2.644946538049072449e-07 2.728315397308638500e-03
2.681815658369622243e-07 2.923043479318608411e-03
2.719198714232400473e-07 3.132354408511676264e-03
2.757102869620150795e-07 3.357717325171168717e-03
2.795535388377646149e-07 3.597098677478581443e-03
2.834503635603716467e-07 3.855477128449133657e-03
2.874015079062675031e-07 4.131991613510335205e-03
2.914077290615419274e-07 4.426952221392633884e-03
2.954697947670488224e-07 4.745496013093568853e-03
2.995884834655305791e-07 5.084553204685537085e-03
3.037645844508038191e-07 5.448974550515871262e-03
3.079988980190084033e-07 5.840284681151472305e-03
3.122922356219808529e-07 6.257124040588031393e-03
3.166454200227556748e-07 6.707475101343008707e-03
3.210592854532378453e-07 7.186241917246662635e-03
3.255346777740733434e-07 7.702467483704854984e-03
3.300724546367440992e-07 8.254146527986928883e-03
3.346734856479333607e-07 8.844643148320853118e-03
3.393386525361643385e-07 9.480604470606885173e-03
3.440688493207834377e-07 1.015733183944723256e-02
3.488649824832768533e-07 1.088791313156242321e-02
3.537279711409939050e-07 1.166524663385093419e-02
3.586587472232806025e-07 1.250495213610042754e-02
3.636582556500726787e-07 1.339749315347205788e-02
3.687274545129780514e-07 1.436091992130984762e-02
3.738673152588789971e-07 1.538631917130444358e-02
3.790788228761058630e-07 1.649308422324895565e-02
3.843629760831859719e-07 1.767117925929445957e-02
3.897207875202474983e-07 1.894269438852493395e-02
3.951532839430673581e-07 2.029526306566444005e-02
4.006615064198442675e-07 2.175612381981694918e-02
4.062465105307023197e-07 2.330890739584222382e-02
4.119093665699800278e-07 2.498677432242746993e-02
4.176511597513393006e-07 2.677076729779649666e-02
4.234729904157287598e-07 2.869550416500350754e-02
4.293759742422588919e-07 3.074939173447453766e-02
4.353612424619960233e-07 3.295414567262235778e-02
4.414299420747574380e-07 3.532352179128636638e-02
4.475832360689149985e-07 3.784600840248672493e-02
4.538223036442677779e-07 4.057103857552876031e-02
4.601483404380213980e-07 4.347047534492557569e-02
4.665625587539119764e-07 4.659282907376516986e-02
4.730661877945389000e-07 4.994153803348555520e-02
4.796604738969114521e-07 5.350694098996921361e-02
4.863466807713088746e-07 5.736327324520367615e-02
4.931260897434391998e-07 6.147553384495491047e-02
4.999999999999999774e-07 6.587251558156227704e-02
