-37.737365 287.447640
14.658682 349.288486
24.420837 304.883087
18.127358 117.788147
-24.951715 260.272908
22.402456 250.069770
-11.239578 287.955343
4.861030 7.614285
-23.075322 262.590285
30.010611 333.661879
12.940413 287.540423
-45.165034 161.459112
-12.416298 250.909006
-28.962922 267.886222
-2.013118 93.433232
-21.401016 270.522230
31.101056 297.373489
-68.513171 107.975788
-40.615216 266.952986
-33.979144 321.182699
-21.007759 92.556648
-11.225297 280.921925
17.582924 308.364643
3.455331 285.774137
-5.576867 8.590976
42.538162 34.526489
29.145405 298.866149
3.553020 264.724860
53.117306 153.139323
-22.508676 243.652113
-7.838469 326.460252
13.792884 287.980019
51.970811 101.496175
-30.897049 240.216264
-31.741915 135.183138
21.583091 294.910672
-11.581860 266.122531
6.051547 304.344604
20.950744 350.593063
-14.292924 270.462806
25.261282 290.843722
13.062241 283.488828
-19.048617 142.829656
10.044092 95.342143
-8.615263 278.114973
-24.869679 276.133366
-33.512883 223.949874
-47.252395 69.315895
7.793749 258.456386
-27.292038 271.088055
26.732689 337.462023
-13.398907 302.691336
9.721446 284.401628
-57.353948 322.344862
44.706137 345.695745
-6.709691 289.700138
10.031351 155.741672
41.512581 55.097034
9.389960 5.820332
-72.042425 240.898656
13.862258 265.379772
-7.322065 156.161147
17.191369 310.837009
9.123072 296.038871
