1.000000000000000082e-05 5.439428684822221554e-14
1.009262190987048422e-05 5.291078342421121685e-14
1.018610170155975315e-05 5.146774623644800790e-14
1.028044732093309699e-05 5.006407140885394993e-14
1.037566678745184839e-05 4.869868517846391445e-14
1.047176819485520245e-05 4.737054307394993014e-14
1.056875971184804981e-05 4.607862911655971295e-14
1.066664958279538781e-05 4.482195504284939717e-14
1.076544612842315894e-05 4.359955954862073399e-14
1.086515774652537261e-05 4.241050755348570911e-14
1.096579291267809966e-05 4.125388948548957693e-14
1.106736018095974517e-05 4.012882058525327349e-14
1.116986818467822625e-05 3.903444022909578481e-14
1.127332563710487184e-05 3.796991127062164754e-14
1.137774133221490236e-05 3.693441940027206201e-14
1.148312414543511069e-05 3.592717252234379009e-14
1.158948303439811801e-05 3.494740014900606191e-14
1.169682703970384617e-05 3.399435281084627673e-14
1.180516528568805612e-05 3.306730148349595825e-14
1.191450698119774729e-05 3.216553702990010555e-14
1.202486142037412267e-05 3.128836965779812996e-14
1.213623798344241821e-05 3.043512839200773530e-14
1.224864613750930810e-05 2.960516056110249301e-14
1.236209543736769112e-05 2.879783129809286581e-14
1.247659552630868525e-05 2.801252305473019034e-14
1.259215613694150976e-05 2.724863512905767276e-14
1.270878709202059429e-05 2.650558320585222033e-14
1.282649830528059917e-05 2.578279890960107086e-14
1.294529978227916069e-05 2.507972936967318942e-14
1.306520162124719865e-05 2.439583679735416113e-14
1.318621401394748594e-05 2.373059807441702927e-14
1.330834724654076001e-05 2.308350435291928045e-14
1.343161170046015399e-05 2.245406066591533911e-14
1.355601785329368979e-05 2.184178554878906724e-14
1.368157627967470456e-05 2.124621067091746421e-14
1.380829765218092365e-05 2.066688047738019154e-14
1.393619274224143468e-05 2.010335184044545716e-14
1.406527242105236405e-05 1.955519372056169882e-14
1.419554766050101529e-05 1.902198683659736471e-14
1.432702953409829478e-05 1.850332334507770957e-14
1.445972921792019565e-05 1.799880652816998561e-14
1.459365799155757585e-05 1.750805049018214334e-14
1.472882723907501804e-05 1.703067986233970633e-14
1.486524844997857153e-05 1.656632951561631614e-14
1.500293322019216782e-05 1.611464428139913031e-14
1.514189325304351951e-05 1.567527867977285265e-14
1.528214036025870806e-05 1.524789665521759203e-14
1.542368646296627532e-05 1.483217131951576753e-14
1.556654359271061883e-05 1.442778470167246663e-14
1.571072389247448757e-05 1.403442750465874509e-14
1.585623961771137294e-05 1.365179886878957665e-14
1.600310313738701696e-05 1.327960614155808031e-14
1.615132693503089535e-05 1.291756465374763673e-14
1.630092360979741085e-05 1.256539750165170974e-14
1.645190587753660725e-05 1.222283533523537133e-14
1.660428657187529514e-05 1.188961615207447543e-14
1.675807864530768815e-05 1.156548509691731796e-14
1.691329517029647124e-05 1.125019426671339949e-14
1.706994934038408082e-05 1.094350252096090434e-14
1.722805447131392224e-05 1.064517529722855494e-14
1.738762400216250392e-05 1.035498443170893470e-14
1.754867149648151891e-05 1.007270798466803067e-14
1.771121064345086685e-05 9.798130070655788463e-15
1.787525525904235524e-05 9.531040693348468645e-15
1.804081928719380908e-05 9.271235584897065052e-15
1.820791680099462562e-05 9.018516049657299480e-15
1.837656200388172389e-05 8.772688812183505836e-15
1.854676923084697663e-05 8.533565869368574723e-15
1.871855294965579252e-05 8.300964346617509490e-15
1.889192776207664550e-05 8.074706357945024126e-15
1.906690840512252017e-05 7.854618869888818762e-15
1.924350975230332110e-05 7.640533569136020285e-15
1.942174681489024571e-05 7.432286733760231445e-15
1.960163474319185636e-05 7.229719107971194535e-15
1.978318882784162123e-05 7.032675780281641184e-15
1.996642450109793374e-05 6.841006064997083802e-15
2.015135733815558378e-05 6.654563386939164452e-15
2.033800305846979900e-05 6.473205169313202911e-15
2.052637752709252056e-05 6.296792724634782459e-15
2.071649675602066959e-05 6.125191148632136718e-15
2.090837690555749843e-05 5.958269217042274727e-15
2.110203428568596656e-05 5.795899285223015218e-15
2.129748535745518782e-05 5.637957190503226524e-15
2.149474673437980673e-05 5.484322157196851748e-15
2.169383518385182289e-05 5.334876704208537654e-15
2.189476762856620837e-05 5.189506555159158229e-15
2.209756114795903079e-05 5.048100550963620443e-15
2.230223297965936262e-05 4.910550564793129103e-15
2.250880052095461772e-05 4.776751419357329127e-15
2.271728133026907441e-05 4.646600806443154824e-15
2.292769312865648647e-05 4.519999208648376205e-15
2.314005380130654141e-05 4.396849823250234407e-15
2.335438139906476958e-05 4.277058488151169968e-15
2.357069413996727640e-05 4.160533609844314281e-15
2.378901041078895599e-05 4.047186093344451650e-15
2.400934876860651764e-05 3.936929274030158616e-15
2.423172794237600676e-05 3.829678851345282121e-15
2.445616683452444078e-05 3.725352824309224446e-15
2.468268452255692542e-05 3.623871428786152109e-15
2.491130026067790961e-05 3.525157076465793106e-15
2.514203348142796490e-05 3.429134295508594192e-15
2.537490379733571647e-05 3.335729672810049877e-15
2.560993100258456690e-05 3.244871797840245452e-15
2.584713507469563873e-05 3.156491208015116627e-15
2.608653617622550639e-05 3.070520335558259493e-15
2.632815465648020122e-05 2.986893455812122121e-15
2.657201105324506616e-05 2.905546636959249126e-15
2.681812609453012821e-05 2.826417691115283961e-15
2.706652070033241139e-05 2.749446126755870313e-15
2.731721598441379118e-05 2.674573102441568900e-15
2.757023325609582679e-05 2.601741381804978928e-15
2.782559402207125977e-05 2.530895289765781504e-15
2.808331998823169760e-05 2.461980669940376414e-15
2.834343306151309184e-05 2.394944843213128422e-15
2.860595535175744877e-05 2.329736567437992470e-15
2.887090917359234806e-05 2.266305998239314002e-15
2.913831704832788665e-05 2.204604650881957457e-15
2.940820170587060722e-05 2.144585363181742324e-15
2.968058608665602425e-05 2.086202259427454463e-15
2.995549334359816181e-05 2.029410715287248164e-15
3.023294684405776334e-05 1.974167323672244129e-15
3.051297017182870932e-05 1.920429861531363565e-15
3.079558712914223269e-05 1.868157257552088160e-15
3.108082173869063645e-05 1.817309560742159177e-15
3.136869824566879892e-05 1.767847909868515725e-15
3.165924111983520818e-05 1.719734503729813265e-15
3.195247505759213607e-05 1.672932572239884831e-15
3.224842498408438932e-05 1.627406348300140057e-15
3.254711605531847757e-05 1.583121040439116451e-15
3.284857366030047033e-05 1.540042806198548482e-15
3.315282342319423014e-05 1.498138726245361257e-15
3.345989120549975091e-05 1.457376779189864123e-15
3.376980310825087640e-05 1.417725817090992017e-15
3.408258547423451975e-05 1.379155541629601371e-15
3.439826489022928348e-05 1.341636480931889165e-15
3.471686818926559409e-05 1.305139967024955012e-15
3.503842245290675507e-05 1.269638113907369864e-15
3.536295501355038955e-05 1.235103796218047386e-15
3.569049345675229896e-05 1.201510628486893745e-15
3.602106562357073851e-05 1.168832944951601180e-15
3.635469961293317630e-05 1.137045779924950315e-15
3.669142378402493983e-05 1.106124848697682972e-15
3.703126675869923475e-05 1.076046528962403595e-15
3.737425742391064343e-05 1.046787842744115364e-15
3.772042493417001620e-05 1.018326438823784106e-15
3.806979871402284228e-05 9.906405756413095567e-16
3.842240846055060586e-05 9.637091046648881386e-16
3.877828414589453094e-05 9.375114542141147347e-16
3.913745601980384264e-05 9.120276137242868686e-16
3.949995461220647160e-05 8.872381184400545192e-16
3.986581073580438997e-05 8.631240345265582000e-16
4.023505548869292872e-05 8.396669445867277551e-16
4.060772025700369657e-05 8.168489335737028459e-16
4.098383671757261184e-05 7.946525750875100508e-16
4.136343684063277602e-05 7.730609180455508753e-16
4.174655289253134888e-05 7.520574737167624288e-16
4.213321743847289172e-05 7.316262031094045272e-16
4.252346334528686112e-05 7.117515047029624173e-16
4.291732378422157766e-05 6.924182025146747322e-16
4.331483223376403243e-05 6.736115344915951546e-16
4.371602248248502334e-05 6.553171412193512637e-16
4.412092863191189777e-05 6.375210549388556485e-16
4.452958509942659792e-05 6.202096888626978829e-16
4.494202662119142105e-05 6.033698267829314644e-16
4.535828825510191179e-05 5.869886129623546821e-16
4.577840538376616169e-05 5.710535423015863297e-16
4.620241371751313139e-05 5.555524507743185280e-16
4.663034929742735962e-05 5.404735061235441613e-16
4.706224849841281693e-05 5.258051988115443003e-16
4.749814803228504342e-05 5.115363332167560555e-16
4.793808495089106934e-05 4.976560190708112035e-16
4.838209664925957121e-05 4.841536631291205354e-16
4.883022086877885140e-05 4.710189610687210454e-16
4.928249570040513461e-05 4.582418896071111612e-16
4.973895958790067998e-05 4.458126988360808448e-16
5.019965133110079395e-05 4.337219047646922853e-16
5.066461008921268477e-05 4.219602820656409147e-16
5.113387538414331267e-05 4.105188570195294957e-16
5.160748710385907483e-05 3.993889006515876380e-16
5.208548550577665455e-05 3.885619220556168495e-16
5.256791122018419400e-05 3.780296619000748444e-16
5.305480525369573859e-05 3.677840861112723870e-16
5.354620899273612700e-05 3.578173797289195292e-16
5.404216420705915271e-05 3.481219409292653475e-16
5.454271305329835997e-05 3.386903752112786133e-16
5.504789807854967469e-05 3.295154897414453671e-16
5.555776222398877724e-05 3.205902878528028015e-16
5.607234882852038467e-05 3.119079636940645314e-16
5.659170163246242386e-05 3.034618970246907037e-16
5.711586478126435033e-05 2.952456481519442936e-16
5.764488282925873171e-05 2.872529530060764519e-16
5.817880074344935527e-05 2.794777183498277977e-16
5.871766390733261363e-05 2.719140171186368126e-16
5.926151812475552303e-05 2.645560838879425043e-16
5.981040962380943893e-05 2.573983104641353463e-16
6.036438506075863543e-05 2.504352415957976233e-16
6.092349152400711648e-05 2.436615708019115859e-16
6.148777653810029084e-05 2.370721363138927877e-16
6.205728806776500081e-05 2.306619171283039121e-16
6.263207452198692193e-05 2.244260291672456465e-16
6.321218475812448011e-05 2.183597215435025660e-16
6.379766808606282991e-05 2.124583729275482654e-16
6.438857427240425525e-05 2.067174880136758930e-16
6.498495354469888900e-05 2.011326940825123998e-16
6.558685659571435525e-05 1.956997376573059424e-16
6.619433458774387382e-05 1.904144812514347196e-16
6.680743915695614712e-05 1.852729002046224296e-16
6.742622241778349222e-05 1.802710796054751024e-16
6.805073696735206717e-05 1.754052112979542863e-16
6.868103588995308007e-05 1.706715909695106985e-16
6.931717276155400522e-05 1.660666153186588320e-16
6.995920165435375016e-05 1.615867792998006182e-16
7.060717714137780261e-05 1.572286734432225303e-16
7.126115430111745026e-05 1.529889812481866633e-16
7.192118872221193494e-05 1.488644766471368616e-16
7.258733650817245705e-05 1.448520215390853095e-16
7.325965428215229914e-05 1.409485633902710849e-16
7.393819919175873207e-05 1.371511329002820387e-16
7.462302891391108092e-05 1.334568417318326713e-16
7.531420165974375832e-05 1.298628803024696859e-16
7.601177617955322144e-05 1.263665156365247220e-16
7.671581176779302693e-05 1.229650892756495274e-16
7.742636826811278249e-05 1.196560152463606527e-16
7.814350607844542675e-05 1.164367780830177230e-16
7.886728615614156353e-05 1.133049309047315431e-16
7.959777002314977982e-05 1.102580935447382214e-16
8.033501977124735203e-05 1.072939507307898517e-16
8.107909806731694959e-05 1.044102503151909858e-16
8.183006815867388940e-05 1.016048015531099668e-16
8.258799387844272151e-05 9.887547342785443047e-17
8.335293965098187206e-05 9.622019302183682934e-17
8.412497049736118173e-05 9.363694393196721021e-17
8.490415204088755570e-05 9.112376472828032688e-17
8.569055051268346837e-05 8.867874745460233387e-17
8.648423275731726594e-05 8.630003617011612172e-17
8.728526623848370818e-05 8.398582553071604445e-17
8.809371904473991286e-05 8.173435940905141799e-17
8.890965989529167504e-05 7.954392955222069793e-17
8.973315814583520257e-05 7.741287427607586608e-17
9.056428379445293972e-05 7.533957719514314730e-17
9.140310748756223216e-05 7.332246598719393624e-17
9.224970052592173923e-05 7.136001119150809664e-17
9.310413487069085011e-05 6.945072503992517938e-17
9.396648314954690162e-05 6.759316031977728157e-17
9.483681866285927585e-05 6.578590926783853585e-17
9.571521538991856182e-05 6.402760249444962632e-17
9.660174799522645947e-05 6.231690793698293818e-17
9.749649183484096449e-05 6.065252984186136595e-17
9.839952296278226841e-05 5.903320777434092107e-17
9.931091813749800526e-05 5.745771565530418334e-17
1.002307548283865436e-04 5.592486082433121456e-17
1.011591112223829728e-04 5.443348312832329767e-17
1.020960662306046523e-04 5.298245403498948244e-17
1.030416994950587503e-04 5.157067577051388724e-17
1.039960913954120295e-04 5.019708048074548947e-17
1.049593230558227707e-04 4.886062941526878960e-17
1.059314763518370031e-04 4.756031213373005320e-17
1.069126339173476057e-04 4.629514573381355096e-17
1.079028791516183647e-04 4.506417410027655137e-17
1.089022962263730567e-04 4.386646717446793744e-17
1.099109700929497193e-04 4.270112024377360997e-17
1.109289864895222780e-04 4.156725325044196626e-17
1.119564319483878348e-04 4.046401011926438691e-17
1.129933938033221666e-04 3.939055810359383601e-17
1.140399601970033122e-04 3.834608714920212082e-17
1.150962200885032326e-04 3.732980927549002065e-17
1.161622632608501891e-04 3.634095797357487291e-17
1.172381803286598597e-04 3.537878762079767646e-17
1.183240627458377961e-04 3.444257291120014780e-17
1.194200028133532475e-04 3.353160830153646378e-17
1.205260936870842587e-04 3.264520747239674429e-17
1.216424293857368039e-04 3.178270280402823386e-17
1.227691047988359264e-04 3.094344486645541921e-17
1.239062156947915523e-04 3.012680192350759194e-17
1.250538587290391272e-04 2.933215945037466090e-17
1.262121314522547384e-04 2.855891966432312425e-17
1.273811323186478520e-04 2.780650106821151923e-17
1.285609606943296460e-04 2.707433800645785958e-17
1.297517168657586742e-04 2.636188023311897513e-17
1.309535020482667609e-04 2.566859249174965557e-17
1.321664183946605190e-04 2.499395410672394009e-17
1.333905690039058638e-04 2.433745858570148624e-17
1.346260579298911035e-04 2.369861323293839431e-17
1.358729901902709127e-04 2.307693877314536386e-17
1.371314717753945468e-04 2.247196898560458581e-17
1.384016096573131502e-04 2.188325034826800519e-17
1.396835117988739626e-04 2.131034169156157760e-17
1.409772871628967624e-04 2.075281386163333071e-17
1.422830457214352027e-04 2.021024939278636450e-17
1.436008984651260766e-04 1.968224218884588303e-17
1.449309574126216591e-04 1.916839721321827158e-17
1.462733356201129868e-04 1.866833018740276911e-17
1.476281471909391145e-04 1.818166729772702491e-17
1.489955072852853580e-04 1.770804491008165857e-17
1.503755321299738291e-04 1.724710929243451385e-17
1.517683390283405451e-04 1.679851634491482793e-17
1.531740463702079740e-04 1.636193133725794440e-17
1.545927736419478403e-04 1.593702865341186329e-17
1.560246414366367928e-04 1.552349154310967322e-17
1.574697714643086743e-04 1.512101188021695216e-17
1.589282865622978103e-04 1.472928992767117338e-17
1.604003107056819902e-04 1.434803410883112087e-17
1.618859690178199096e-04 1.397696078506315311e-17
1.633853877809860280e-04 1.361579403939354062e-17
1.648986944471065013e-04 1.326426546606072044e-17
1.664260176485903616e-04 1.292211396580821621e-17
1.679674872092653225e-04 1.258908554675952567e-17
1.695232341554121379e-04 1.226493313072437872e-17
1.710933907269013374e-04 1.194941636478741909e-17
1.726780903884355897e-04 1.164230143803492052e-17
1.742774678408919205e-04 1.134336090328049598e-17
1.758916590327732731e-04 1.105237350365188178e-17
1.775208011717636101e-04 1.076912400390744202e-17
1.791650327363899435e-04 1.049340302635287078e-17
1.808244934877951721e-04 1.022500689123211295e-17
1.824993244816152445e-04 9.963737461471655695e-18
1.841896680799710861e-04 9.709401991657916790e-18
1.858956679635688372e-04 9.461812981133414426e-18
1.876174691439119540e-04 9.220788031098874394e-18
1.893552179756295359e-04 8.986149705611565952e-18
1.911090621689137778e-04 8.757725396374730640e-18
1.928791508020777693e-04 8.535347191213142402e-18
1.946656343342263208e-04 8.318851746135464169e-18
1.964686646180444540e-04 8.108080160884992049e-18
1.982883949127071325e-04 7.902877857883321080e-18
2.001249798969037010e-04 7.703094464475282945e-18
2.019785756819878484e-04 7.508583698383855769e-18
2.038493398252464264e-04 7.319203256288457743e-18
2.057374313432911621e-04 7.134814705440948417e-18
2.076430107255774669e-04 6.955283378236212989e-18
2.095662399480432926e-04 6.780478269657463581e-18
2.115072824868794756e-04 6.610271937516854499e-18
2.134663033324245458e-04 6.444540405415839523e-18
2.154434690031882321e-04 6.283163068350840967e-18
2.174389475600079977e-04 6.126022600891692287e-18
2.194529086203313715e-04 5.973004867863385166e-18
2.214855233726359179e-04 5.823998837461943998e-18
2.235369645909796640e-04 5.678896496738627970e-18
2.256074066496859128e-04 5.537592769387618552e-18
2.276970255381680010e-04 5.399985435774042678e-18
2.298059988758851082e-04 5.265975055141858195e-18
2.319345059274427543e-04 5.135464889941275290e-18
2.340827276178294449e-04 5.008360832218546133e-18
2.362508465477945068e-04 4.884571332011493457e-18
2.384390470093720473e-04 4.764007327695947630e-18
2.406475150015424170e-04 4.646582178230314788e-18
2.428764382460450548e-04 4.532211597245800621e-18
2.451260062033339864e-04 4.420813588932462912e-18
2.473964100886811538e-04 4.312308385671862202e-18
2.496878428884326717e-04 4.206618387368468959e-18
2.520004993764092018e-04 4.103668102433916909e-18
2.543345761304648361e-04 4.003384090378414874e-18
2.566902715491951956e-04 3.905694905965931283e-18
2.590677858688006222e-04 3.810531044890242429e-18
2.614673211801091831e-04 3.717824890930232813e-18
2.638890814457510296e-04 3.627510664544455265e-18
2.663332725174980963e-04 3.539524372865187319e-18
2.688001021537607393e-04 3.453803761054145476e-18
2.712897800372464623e-04 3.370288264982588698e-18
2.738025177927857720e-04 3.288918965199518118e-18
2.763385290053169780e-04 3.209638542153161041e-18
2.788980292380439777e-04 3.132391232631133323e-18
2.814812360507581339e-04 3.057122787386347137e-18
2.840883690183301021e-04 2.983780429916174833e-18
2.867196497493769728e-04 2.912312816363312531e-18
2.893753019050950264e-04 2.842669996508037397e-18
2.920555512182745244e-04 2.774803375821681976e-18
2.947606255124858598e-04 2.708665678552718212e-18
2.974907547214440586e-04 2.644210911817132654e-18
3.002461709085549389e-04 2.581394330665660294e-18
3.030271082866396216e-04 2.520172404101354285e-18
3.058338032378431388e-04 2.460502782021503042e-18
3.086664943337274645e-04 2.402344263058686602e-18
3.115254223555488059e-04 2.345656763296524514e-18
3.144108303147264728e-04 2.290401285836143560e-18
3.173229634734976343e-04 2.236539891190326983e-18
3.202620693657650080e-04 2.184035668482698179e-18
3.232283978181380805e-04 2.132852707429993681e-18
3.262222009711669896e-04 2.082956071086167382e-18
3.292437333007768767e-04 2.034311769327459332e-18
3.322932516398971773e-04 1.986886733058355132e-18
3.353710152002928996e-04 1.940648789118743682e-18
3.384772855945983230e-04 1.895566635873176917e-18
3.416123268585528460e-04 1.851609819463725645e-18
3.447764054734464112e-04 1.808748710708250729e-18
3.479697903887691386e-04 1.766954482626664549e-18
3.511927530450727588e-04 1.726199088577993056e-18
3.544455673970435734e-04 1.686455240991664260e-18
3.577285099367873231e-04 1.647696390676884994e-18
3.610418597173337151e-04 1.609896706694297170e-18
3.643858983763544296e-04 1.573031056774756835e-18
3.677609101601030626e-04 1.537074988270257299e-18
3.711671819475766804e-04 1.502004709622589800e-18
3.746050032748993088e-04 1.467797072335679343e-18
3.780746663599348950e-04 1.434429553437869219e-18
3.815764661271248614e-04 1.401880238420907466e-18
3.851107002325568655e-04 1.370127804642669141e-18
3.886776690892667719e-04 1.339151505181017094e-18
3.922776758927719386e-04 1.308931153126592758e-18
3.959110266468458469e-04 1.279447106302579269e-18
3.995780301895269734e-04 1.250680252399921940e-18
4.032789982193705223e-04 1.222611994516691081e-18
4.070142453219438875e-04 1.195224237090653659e-18
4.107840889965647048e-04 1.168499372214406669e-18
4.145888496832911426e-04 1.142420266322673548e-18
4.184288507901584705e-04 1.116970247241725687e-18
4.223044187206672164e-04 1.092133091591112961e-18
4.262158829015325078e-04 1.067893012528111757e-18
4.301635758106795273e-04 1.044234647825730009e-18
4.341478330055092592e-04 1.021143048275102973e-18
4.381689931514194582e-04 9.986036664036180516e-19
4.422273980505897289e-04 9.766023455001782727e-19
4.463233926710397158e-04 9.551253089392757127e-19
4.504573251759458222e-04 9.341591497958768823e-19
4.546295469532399291e-04 9.136908207431578838e-19
4.588404126454761296e-04 8.937076242255217894e-19
4.630902801799736631e-04 8.741972028994360290e-19
4.673795107992463507e-04 8.551475303348136252e-19
4.717084690917017252e-04 8.365469019699952033e-19
4.760775230226367994e-04 8.183839263133632768e-19
4.804870439655133953e-04 8.006475163850242800e-19
4.849374067335233355e-04 7.833268813920310798e-19
4.894289896114531989e-04 7.664115186308246794e-19
4.939621743878321080e-04 7.498912056108244890e-19
4.985373463873893265e-04 7.337559923931067392e-19
5.031548945038056761e-04 7.179961941384383185e-19
5.078152112327670659e-04 7.026023838589872346e-19
5.125186927053333079e-04 6.875653853681792004e-19
5.172657387216019441e-04 6.728762664234237784e-19
5.220567527846975506e-04 6.585263320564143529e-19
5.268921421350676549e-04 6.445071180860076099e-19
5.317723177850966487e-04 6.308103848087207493e-19
5.366976945540475642e-04 6.174281108620303558e-19
5.416686911033152330e-04 6.043524872558634036e-19
5.466857299720180412e-04 5.915759115676636565e-19
5.517492376129128854e-04 5.790909822966657395e-19
5.568596444286409188e-04 5.668904933730604896e-19
5.620173848083188321e-04 5.549674288178369762e-19
5.672228971644543115e-04 5.433149575492789842e-19
5.724766239702178735e-04 5.319264283320897038e-19
5.777790117970506940e-04 5.207953648653309048e-19
5.831305113526218760e-04 5.099154610053985906e-19
5.885315775191450214e-04 4.992805761203678762e-19
5.939826693920356769e-04 4.888847305721864871e-19
5.994842503189408769e-04 4.787221013232016739e-19
6.050367879391224625e-04 4.687870176636877203e-19
6.106407542232036075e-04 4.590739570570840740e-19
6.162966255132942741e-04 4.495775410997223090e-19
6.220048825634712014e-04 4.402925315919853729e-19
6.277660105806500508e-04 4.312138267178143075e-19
6.335804992658254208e-04 4.223364573296598759e-19
6.394488428556936938e-04 4.136555833359950613e-19
6.453715401646702068e-04 4.051664901885843825e-19
6.513490946272802555e-04 3.968645854668311041e-19
6.573820143409585173e-04 3.887453955565081102e-19
6.634708121092351002e-04 3.808045624203395554e-19
6.696160054853215549e-04 3.730378404579103240e-19
6.758181168161110511e-04 3.654410934524522628e-19
6.820776732865685421e-04 3.580102916021684839e-19
6.883952069645496224e-04 3.507415086337413339e-19
6.947712548460240100e-04 3.436309189958074313e-19
7.012063589007177470e-04 3.366747951301991539e-19
7.077010661181889735e-04 3.298695048188095961e-19
7.142559285543126617e-04 3.232115086040357046e-19
7.208715033782135597e-04 3.166973572807435201e-19
7.275483529196232748e-04 3.103236894578219852e-19
7.342870447166758088e-04 3.040872291873973682e-19
7.410881515641569396e-04 2.979847836598387062e-19
7.479522515621820798e-04 2.920132409627696504e-19
7.548799281653431614e-04 2.861695679022875619e-19
7.618717702322999347e-04 2.804508078847016800e-19
7.689283720758305352e-04 2.748540788571082110e-19
7.760503335133571478e-04 2.693765713051683277e-19
7.832382599179196639e-04 2.640155463065311012e-19
7.904927622696419996e-04 2.587683336383298995e-19
7.978144572076628855e-04 2.536323299372793050e-19
8.052039670825469593e-04 2.486049969109050851e-19
8.126619200091945907e-04 2.436838595984771677e-19
8.201889499202202980e-04 2.388665046802915470e-19
8.277856966198472461e-04 2.341505788339242720e-19
8.354528058382871408e-04 2.295337871361775939e-19
8.431909292866251451e-04 2.250138915094325206e-19
8.510007247122246699e-04 2.205887092111668057e-19
8.588828559546249353e-04 2.162561113654499773e-19
8.668379930019773794e-04 2.120140215352234477e-19
8.748668120479914266e-04 2.078604143342413710e-19
8.829699955494082608e-04 2.037933140775567257e-19
8.911482322840201704e-04 1.998107934694696470e-19
8.994022174092044554e-04 1.959109723279023657e-19
9.077326525210223113e-04 1.920920163441605812e-19
9.161402457138521178e-04 1.883521358771038364e-19
9.246257116405733924e-04 1.846895847807541770e-19
9.331897715733238540e-04 1.811026592643953215e-19
9.418331534647951184e-04 1.775896967842648335e-19
9.505565920101191743e-04 1.741490749659337492e-19
9.593608287093146345e-04 1.707792105565184511e-19
9.682466119303123836e-04 1.674785584058845986e-19
9.772146969725724417e-04 1.642456104760179064e-19
9.862658461312820684e-04 1.610788948777753380e-19
9.954008287621518049e-04 1.579769749342374367e-19
1.004620421346813248e-03 1.549384482699122694e-19
1.013925407558815411e-03 1.519619459250608159e-19
1.023316578330244831e-03 1.490461314944274775e-19
1.032794731918951518e-03 1.461897002896919755e-19
1.042360673976401152e-03 1.433913785249653871e-19
1.052015217616159145e-03 1.406499225246762722e-19
1.061759183483000071e-03 1.379641179532164382e-19
1.071593399822671090e-03 1.353327790657205362e-19
1.081518702552288110e-03 1.327547479793874572e-19
1.091535935331391146e-03 1.302288939647528940e-19
1.101645949633656921e-03 1.277541127563484585e-19
1.111849604819271095e-03 1.253293258821952864e-19
1.122147768207980290e-03 1.229534800115931337e-19
1.132541315152811546e-03 1.206255463206866013e-19
1.143031129114478739e-03 1.183445198752990302e-19
1.153618101736478534e-03 1.161094190305413196e-19
1.164303132920876775e-03 1.139192848467180358e-19
1.175087130904807617e-03 1.117731805210608858e-19
1.185971012337669371e-03 1.096701908348420170e-19
1.196955702359042868e-03 1.076094216154218215e-19
1.208042134677328851e-03 1.055899992128061414e-19
1.219231251649110712e-03 1.036110699902960218e-19
1.230524004359261634e-03 1.016717998288232911e-19
1.241921352701783358e-03 9.977137364458213443e-20
1.253424265461399551e-03 9.790899491957157266e-20
1.265033720395903781e-03 9.608388524467758696e-20
1.276750704319265777e-03 9.429528387493451110e-20
1.288576213185518111e-03 9.254244729661101984e-20
1.300511252173408528e-03 9.082464880578348299e-20
1.312556835771842671e-03 8.914117809805983990e-20
1.324713987866117399e-03 8.749134086913388084e-20
1.336983741824946661e-03 8.587445842585464844e-20
1.349367140588306375e-03 8.428986730750360492e-20
1.361865236756081400e-03 8.273691891698524681e-20
1.374479092677536717e-03 8.121497916164009902e-20
1.387209780541621062e-03 7.972342810339897471e-20
1.400058382468097589e-03 7.826165961800630683e-20
1.413025990599533653e-03 7.682908106304324622e-20
1.426113707194128248e-03 7.542511295449611082e-20
1.439322644719406375e-03 7.404918865161442259e-20
1.452653925946781202e-03 7.270075404981556394e-20
1.466108684046984459e-03 7.137926728139743108e-20
1.479688062686396275e-03 7.008419842382574572e-20
1.493393216124251719e-03 6.881502921537203952e-20
1.507225309310755452e-03 6.757125277788181639e-20
1.521185517986104949e-03 6.635237334645877734e-20
1.535275028780422714e-03 6.515790600585840756e-20
1.549495039314631537e-03 6.398737643338598249e-20
1.563846758302246112e-03 6.284032064810508815e-20
1.578331405652118108e-03 6.171628476616275033e-20
1.592950212572122977e-03 6.061482476204587454e-20
1.607704421673823627e-03 5.953550623558590049e-20
1.622595287078087110e-03 5.847790418453755542e-20
1.637624074521687283e-03 5.744160278255773436e-20
1.652792061464895606e-03 5.642619516241870889e-20
1.668100537200059227e-03 5.543128320429311599e-20
1.683550802961202323e-03 5.445647732895194595e-20
1.699144172034625999e-03 5.350139629572347731e-20
1.714881969870539046e-03 5.256566700506328532e-20
1.730765534195725843e-03 5.164892430559032538e-20
1.746796215127245774e-03 5.075081080545024410e-20
1.762975375287205784e-03 4.987097668786664307e-20
1.779304389918577242e-03 4.900907953075182979e-20
1.795784647002095051e-03 4.816478413024667030e-20
1.812417547374237711e-03 4.733776232806648265e-20
1.829204504846293749e-03 4.652769284253414732e-20
1.846146946324547485e-03 4.573426110318296488e-20
1.863246311931559835e-03 4.495715908882040378e-20
1.880504055128581460e-03 4.419608516894345370e-20
1.897921642839101508e-03 4.345074394840335979e-20
1.915500555573527823e-03 4.272084611522129865e-20
1.933242287555045260e-03 4.200610829145850697e-20
1.951148346846616304e-03 4.130625288705303446e-20
1.969220255479171497e-03 4.062100795653456432e-20
1.987459549580983600e-03 3.995010705853718861e-20
2.005867779508234156e-03 3.929328911803187960e-20
2.024446509976803900e-03 3.865029829120579076e-20
2.043197320195270540e-03 3.802088383292038984e-20
2.062121803999142529e-03 3.740479996668421867e-20
2.081221569986339229e-03 3.680180575708106306e-20
2.100498241653915316e-03 3.621166498459952867e-20
2.119953457536071038e-03 3.563414602281295555e-20
2.139588871343421454e-03 3.506902171786619361e-20
2.159406152103565419e-03 3.451606927022786739e-20
2.179406984302956034e-03 3.397507011867337942e-20
2.199593068030074750e-03 3.344580982646792734e-20
2.219966119119954652e-03 3.292807796972343254e-20
2.240527869300018224e-03 3.242166802790954921e-20
2.261280066337277312e-03 3.192637727650207646e-20
2.282224474186898746e-03 3.144200668175736840e-20
2.303362873142131284e-03 3.096836079760725928e-20
2.324697059985648094e-03 3.050524766467104306e-20
2.346228848142262267e-03 3.005247871138867222e-20
2.367960067833076079e-03 2.960986865728097165e-20
2.389892566231050126e-03 2.917723541834836904e-20
2.412028207618007077e-03 2.875440001462332052e-20
2.434368873543110365e-03 2.834118647989436069e-20
2.456916462982790088e-03 2.793742177362493648e-20
2.479672892502157722e-03 2.754293569509150805e-20
2.502640096417919208e-03 2.715756079976910166e-20
2.525820026962784671e-03 2.678113231799490662e-20
2.549214654451422910e-03 2.641348807594168520e-20
2.572825967447932034e-03 2.605446841893555377e-20
2.596655972934869619e-03 2.570391613715259753e-20
2.620706696483852353e-03 2.536167639372965631e-20
2.644980182427719966e-03 2.502759665532524849e-20
2.669478494034320699e-03 2.470152662516456529e-20
2.694203713681882304e-03 2.438331817860334075e-20
2.719157943036018890e-03 2.407282530124183648e-20
2.744343303228365376e-03 2.376990402961907000e-20
2.769761935036890721e-03 2.347441239451362676e-20
2.795415999067856535e-03 2.318621036687491934e-20
2.821307675939470957e-03 2.290515980640357826e-20
2.847439166467247759e-03 2.263112441279569893e-20
2.873812691851066348e-03 2.236396967966019194e-20
2.900430493863991651e-03 2.210356285111262848e-20
2.927294835042816134e-03 2.184977288104309182e-20
2.954407998880379926e-03 2.160247039504855606e-20
2.981772290019673362e-03 2.136152765501330107e-20
3.009390034449721096e-03 2.112681852631385543e-20
3.037263579703311511e-03 2.089821844761634337e-20
3.065395295056526793e-03 2.067560440322773816e-20
3.093787571730136510e-03 2.045885489795302728e-20
3.122442823092857773e-03 2.024784993440309929e-20
3.151363484866479339e-03 2.004247099269015500e-20
3.180552015332919948e-03 1.984260101243867912e-20
3.210010895543171858e-03 1.964812437703355120e-20
3.239742629528195514e-03 1.945892690001813828e-20
3.269749744511767954e-03 1.927489581354881735e-20
3.300034791125285374e-03 1.909591975880542109e-20
3.330600343624588386e-03 1.892188877825049506e-20
3.361449000108765288e-03 1.875269430962529538e-20
3.392583382740991908e-03 1.858822918156452149e-20
3.424006137971425789e-03 1.842838761070783952e-20
3.455719936762139538e-03 1.827306520018247214e-20
3.487727474814177487e-03 1.812215893932772744e-20
3.520031472796678832e-03 1.797556720453075018e-20
3.552634676578139260e-03 1.783318976104098552e-20
3.585539857459817126e-03 1.769492776563000866e-20
3.618749812411280273e-03 1.756068376996425852e-20
3.652267364308175480e-03 1.743036172455831282e-20
3.686095362172158059e-03 1.730386698317902351e-20
3.720236681413065759e-03 1.718110630757259137e-20
3.754694224073336969e-03 1.706198787239043284e-20
3.789470919074667578e-03 1.694642127019340497e-20
3.824569722466999305e-03 1.683431751641839666e-20
3.859993617679767074e-03 1.672558905419700829e-20
3.895745615775501273e-03 1.662014975892094467e-20
3.931828755705770589e-03 1.651791494245560061e-20
3.968246104569481472e-03 1.641880135690949106e-20
4.005000757873610970e-03 1.632272719787403239e-20
4.042095839796306170e-03 1.622961210705575897e-20
4.079534503452449112e-03 1.613937717422981200e-20
4.117319931161679374e-03 1.605194493845154505e-20
4.155455334718875619e-03 1.596723938847037626e-20
4.193943955667186335e-03 1.588518596229750442e-20
4.232789065573549017e-03 1.580571154588697790e-20
4.271993966306776754e-03 1.572874447089655135e-20
4.311561990318228677e-03 1.565421451150228788e-20
4.351496500925049540e-03 1.558205288024775566e-20
4.391800892596085977e-03 1.551219222291540896e-20
4.432478591240396164e-03 1.544456661241434244e-20
4.473533054498463057e-03 1.537911154168463570e-20
4.514967772036101654e-03 1.531576391562418891e-20
4.556786265841063742e-03 1.525446204204974980e-20
4.598992090522438167e-03 1.519514562170826459e-20
4.641588833612777208e-03 1.513775573735996077e-20
4.684580115873045354e-03 1.508223484195819881e-20
4.727969591600390473e-03 1.502852674595530379e-20
4.771760948938746048e-03 1.497657660376673251e-20
4.815957910192351227e-03 1.492633089942905540e-20
4.860564232142134018e-03 1.487773743148964579e-20
4.905583706365045267e-03 1.483074529716827444e-20
4.951020159556351191e-03 1.478530487583241994e-20
4.996877453854883626e-03 1.474136781182976094e-20
5.043159487171358993e-03 1.469888699672210130e-20
5.089870193519680126e-03 1.465781655096603283e-20
5.137013543351344122e-03 1.461811180508579344e-20
5.184593543892912840e-03 1.457972928038415792e-20
5.232614239486662287e-03 1.454262666923694869e-20
5.281079711934331088e-03 1.450676281501638069e-20
5.329994080844087725e-03 1.447209769168809961e-20
5.379361503980703563e-03 1.443859238312563200e-20
5.429186177618942899e-03 1.440620906218531896e-20
5.479472336900287170e-03 1.437491096958353199e-20
5.530224256192900478e-03 1.434466239261679318e-20
5.581446249454960484e-03 1.431542864376400441e-20
5.633142670601357267e-03 1.428717603920845855e-20
5.685317913873753209e-03 1.425987187731602374e-20
5.737976414214134013e-03 1.423348441710381232e-20
5.791122647641758041e-03 1.420798285673249060e-20
5.844761131633631479e-03 1.418333731205325194e-20
5.898896425508499790e-03 1.415951879523904922e-20
5.953533130814370189e-03 1.413649919352774796e-20
6.008675891719686586e-03 1.411425124810321209e-20
6.064329395408061575e-03 1.409274853313859522e-20
6.120498372476696446e-03 1.407196543502438870e-20
6.177187597338494422e-03 1.405187713180210788e-20
6.234401888627863660e-03 1.403245957282273441e-20
6.292146109610343568e-03 1.401368945864767519e-20
6.350425168595961664e-03 1.399554422120805482e-20
6.409244019356450175e-03 1.397800200423708677e-20
6.468607661546327617e-03 1.396104164398830075e-20
6.528521141127847059e-03 1.394464265025145264e-20
6.588989550799949878e-03 1.392878518767621007e-20
6.650018030431118291e-03 1.391345005741270459e-20
6.711611767496280211e-03 1.389861867907653088e-20
6.773775997517751668e-03 1.388427307304484637e-20
6.836516004510238484e-03 1.387039584308886162e-20
6.899837121430018629e-03 1.385697015934716013e-20
6.963744730628221996e-03 1.384397974164315472e-20
7.028244264308345507e-03 1.383140884314905785e-20
7.093341204987996598e-03 1.381924223439793368e-20
7.159041085964888522e-03 1.380746518764448789e-20
7.225349491787214085e-03 1.379606346157450499e-20
7.292272058728312828e-03 1.378502328636213866e-20
7.359814475265763489e-03 1.377433134907358966e-20
7.427982482564918221e-03 1.376397477941505266e-20
7.496781874966876834e-03 1.375394113582227802e-20
7.566218500481054592e-03 1.374421839188856147e-20
7.636298261282242067e-03 1.373479492312749060e-20
7.707027114212295846e-03 1.372565949406634036e-20
7.778411071286490432e-03 1.371680124566556167e-20
7.850456200204509669e-03 1.370820968305957221e-20
7.923168624866253756e-03 1.369987466361358039e-20
7.996554525892346499e-03 1.369178638529099858e-20
8.070620141149498911e-03 1.368393537532563473e-20
8.145371766280745662e-03 1.367631247919277629e-20
8.220815755240541353e-03 1.366890884987286209e-20
8.296958520834906564e-03 1.366171593740151276e-20
8.373806535266490117e-03 1.365472547869931767e-20
8.451366330684712339e-03 1.364792948767475779e-20
8.529644499741025759e-03 1.364132024559358999e-20
8.608647696149244674e-03 1.363489029170776243e-20
8.688382635251184691e-03 1.362863241413707819e-20
8.768856094587426653e-03 1.362253964099655335e-20
8.850074914473439122e-03 1.361660523176260550e-20
8.932045998580969218e-03 1.361082266887099172e-20
9.014776314524916914e-03 1.360518564953953579e-20
9.098272894455557494e-03 1.359968807780869599e-20
9.182542835656282154e-03 1.359432405679292307e-20
9.267593301146882789e-03 1.358908788113589890e-20
9.353431520292386156e-03 1.358397402966284890e-20
9.440064789417603949e-03 1.357897715822292570e-20
9.527500472427289507e-03 1.357409209271502565e-20
9.615746001432095430e-03 1.356931382229021305e-20
9.704808877380306092e-03 1.356463749272417688e-20
9.794696670695395360e-03 1.356005839995310280e-20
9.885417021919572569e-03 1.355557198376652636e-20
9.976977642363202281e-03 1.355117382165075042e-20
1.006938631476027128e-02 1.354685962277654019e-20
1.016265089392995140e-02 1.354262522212492861e-20
1.025677930744421824e-02 1.353846657474501708e-20
1.035177955630176179e-02 1.353437975013784035e-20
1.044765971560804134e-02 1.353036092676042904e-20
1.054442793526168438e-02 1.352640638664428740e-20
1.064209244064724669e-02 1.352251251012272976e-20
1.074066153333433360e-02 1.351867577066159881e-20
1.084014359178330986e-02 1.351489272978788577e-20
1.094054707205742438e-02 1.351116003211118047e-20
1.104188050854160164e-02 1.350747440043275717e-20
1.114415251466788215e-02 1.350383263093731593e-20
1.124737178364751920e-02 1.350023158846268050e-20
1.135154708920999012e-02 1.349666820184264543e-20
1.145668728634871396e-02 1.349313945931849762e-20
1.156280131207375328e-02 1.348964240401489254e-20
1.166989818617147553e-02 1.348617412947573517e-20
1.177798701197119331e-02 1.348273177525607999e-20
1.188707697711903315e-02 1.347931252256613633e-20
1.199717735435884385e-02 1.347591358996357395e-20
1.210829750232039412e-02 1.347253222909059149e-20
1.222044686631488727e-02 1.346916572045229309e-20
1.233363497913776002e-02 1.346581136923315019e-20
1.244787146187906202e-02 1.346246650114846427e-20
1.256316602474120102e-02 1.345912845832790968e-20
1.267952846786433996e-02 1.345579459522851024e-20
1.279696868215941634e-02 1.345246227457444336e-20
1.291549665014883955e-02 1.344912886332137270e-20
1.303512244681508982e-02 1.344579172864318333e-20
1.315585624045703846e-02 1.344244823393912420e-20
1.327770829355429116e-02 1.343909573485965471e-20
1.340068896363950761e-02 1.343573157534945314e-20
1.352480870417875451e-02 1.343235308370619057e-20
1.365007806546013856e-02 1.342895756865409688e-20
1.377650769549053529e-02 1.342554231543125958e-20
1.390410834090069665e-02 1.342210458189013471e-20
1.403289084785873213e-02 1.341864159461068319e-20
1.416286616299198761e-02 1.341515054502607839e-20
1.429404533431761007e-02 1.341162858556086147e-20
1.442643951218157417e-02 1.340807282578194482e-20
1.456005995020648487e-02 1.340448032856288332e-20
1.469491800624817164e-02 1.340084810626224255e-20
1.483102514336104467e-02 1.339717311691708402e-20
1.496839293077255502e-02 1.339345226045282226e-20
1.510703304486653992e-02 1.338968237491105186e-20
1.524695727017572923e-02 1.338586023269714977e-20
1.538817750038346324e-02 1.338198253684974600e-20
1.553070573933460104e-02 1.337804591733447309e-20
1.567455410205595076e-02 1.337404692736465596e-20
1.581973481578599974e-02 1.336998203975187483e-20
1.596626022101425152e-02 1.336584764328969315e-20
1.611414277253019750e-02 1.336164003917408213e-20
1.626339504048192330e-02 1.335735543746442964e-20
1.641402971144466372e-02 1.335298995358924880e-20
1.656605958949913457e-02 1.334853960490110907e-20
1.671949759731990170e-02 1.334400030728560178e-20
1.687435677727375585e-02 1.333936787182942112e-20
1.703065029252844378e-02 1.333463800155301798e-20
1.718839142817145740e-02 1.332980628821363596e-20
1.734759359233930751e-02 1.332486820918480989e-20
1.750827031735725098e-02 1.331981912441880563e-20
1.767043526088946798e-02 1.331465427349877213e-20
1.783410220710008112e-02 1.330936877278781447e-20
1.799928506782476345e-02 1.330395761268235289e-20
1.816599788375326818e-02 1.329841565497781926e-20
1.833425482562290806e-02 1.329273763035472273e-20
1.850407019542302245e-02 1.328691813599379168e-20
1.867545842761075825e-02 1.328095163332907253e-20
1.884843409033795311e-02 1.327483244594834260e-20
1.902301188668944001e-02 1.326855475765055848e-20
1.919920665593284614e-02 1.326211261067039241e-20
1.937703337477988952e-02 1.325549990408034832e-20
1.955650715865949255e-02 1.324871039238137090e-20
1.973764326300255292e-02 1.324173768429314634e-20
1.992045708453869107e-02 1.323457524175584778e-20
2.010496416260499145e-02 1.322721637915535921e-20
2.029118018046677935e-02 1.321965426278449510e-20
2.047912096665085308e-02 1.321188191055322618e-20
2.066880249629082095e-02 1.320389219196111607e-20
2.086024089248502897e-02 1.319567782834592573e-20
2.105345242766706176e-02 1.318723139342256387e-20
2.124845352498882720e-02 1.317854531412707615e-20
2.144526075971667570e-02 1.316961187178089083e-20
2.164389086064020390e-02 1.316042320359094072e-20
2.184436071149426298e-02 1.315097130450179533e-20
2.204668735239409885e-02 1.314124802941644020e-20
2.225088798128369363e-02 1.313124509580285908e-20
2.245697995539773853e-02 1.312095408670405326e-20
2.266498079273692942e-02 1.311036645416975082e-20
2.287490817355701880e-02 1.309947352312851740e-20
2.308677994187169694e-02 1.308826649571961496e-20
2.330061410696924670e-02 1.307673645610459024e-20
2.351642884494348565e-02 1.306487437577896087e-20
2.373424250023866214e-02 1.305267111940533968e-20
2.395407358720877053e-02 1.304011745118969363e-20
2.417594079169130966e-02 1.302720404182319134e-20
2.439986297259550199e-02 1.301392147601291114e-20
2.462585916350546605e-02 1.300026026062518445e-20
2.485394857429798487e-02 1.298621083346632719e-20
2.508415059277538731e-02 1.297176357272610322e-20
2.531648478631355614e-02 1.295690880711019829e-20
2.555097090352506997e-02 1.294163682668876067e-20
2.578762887593800956e-02 1.292593789448893918e-20
2.602647881969004373e-02 1.290980225886035698e-20
2.626754103723835665e-02 1.289322016664321371e-20
2.651083601908538895e-02 1.287618187716994063e-20
2.675638444552045150e-02 1.285867767713209034e-20
2.700420718837772543e-02 1.284069789634549369e-20
2.725432531281027707e-02 1.282223292444756240e-20
2.750676007908064644e-02 1.280327322856193652e-20
2.776153294436800936e-02 1.278380937196682433e-20
2.801866556459195468e-02 1.276383203380454806e-20
2.827817979625341094e-02 1.274333202987122944e-20
2.854009769829237569e-02 1.272230033452672995e-20
2.880444153396297807e-02 1.270072810376641587e-20
2.907123377272578454e-02 1.267860669949763310e-20
2.934049709215787172e-02 1.265592771506536728e-20
2.961225437988034351e-02 1.263268300207278330e-20
2.988652873550382699e-02 1.260886469854416959e-20
3.016334347259197121e-02 1.258446525847893045e-20
3.044272212064302874e-02 1.255947748284723778e-20
3.072468842709003348e-02 1.253389455207908348e-20
3.100926635931926592e-02 1.250771006010033805e-20
3.129648010670750546e-02 1.248091804997068341e-20
3.158635408267818773e-02 1.245351305117997453e-20
3.187891292677645649e-02 1.242549011866081678e-20
3.217418150676371741e-02 1.239684487357667613e-20
3.247218492073129098e-02 1.236757354594597838e-20
3.277294849923381714e-02 1.233767301916378658e-20
3.307649780744242179e-02 1.230714087648370344e-20
3.338285864731761060e-02 1.227597544952331222e-20
3.369205705980267418e-02 1.224417586885694655e-20
3.400411932703706341e-02 1.221174211675999630e-20
3.431907197459042880e-02 1.217867508216857005e-20
3.463694177371734462e-02 1.214497661791802472e-20
3.495775574363275268e-02 1.211064960032253225e-20
3.528154115380883332e-02 1.207569799115650658e-20
3.560832552629277642e-02 1.204012690209621810e-20
3.593813663804625719e-02 1.200394266167684413e-20
3.627100252330648505e-02 1.196715288481620472e-20
3.660695147596902677e-02 1.192976654495141962e-20
3.694601205199302130e-02 1.189179404882834122e-20
3.728821307182833555e-02 1.185324731397615353e-20
3.763358362286532699e-02 1.181413984889019743e-20
3.798215306190736579e-02 1.177448683593532529e-20
3.833395101766601254e-02 1.173430521696898325e-20
3.868900739327975347e-02 1.169361378166824491e-20
3.904735236885559929e-02 1.165243325852734555e-20
3.940901640403447759e-02 1.161078640847179678e-20
3.977403024058037001e-02 1.156869812101176760e-20
4.014242490499322219e-02 1.152619551283034344e-20
4.051423171114647281e-02 1.148330802867172780e-20
4.088948226294860516e-02 1.144006754435949071e-20
4.126820845702951907e-02 1.139650847173565104e-20
4.165044248545184818e-02 1.135266786526709197e-20
4.203621683844713935e-02 1.130858553001621345e-20
4.242556430717776828e-02 1.126430413061749192e-20
4.281851798652411278e-02 1.121986930084019671e-20
4.321511127789762208e-02 1.117532975324990074e-20
4.361537789208005944e-02 1.113073738840699601e-20
4.401935185208874501e-02 1.108614740295896261e-20
4.442706749606882555e-02 1.104161839589492881e-20
4.483855948021186338e-02 1.099721247213562138e-20
4.525386278170166754e-02 1.095299534252913331e-20
4.567301270168747096e-02 1.090903641921432911e-20
4.609604486828433600e-02 1.086540890519795145e-20
4.652299523960189143e-02 1.082218987687158770e-20
4.695390010680058207e-02 1.077946035806934420e-20
4.738879609717651376e-02 1.073730538413977549e-20
4.782772017727485170e-02 1.069581405437701737e-20
4.827070965603182801e-02 1.065507957102886245e-20
4.871780218794630885e-02 1.061519926297639075e-20
4.916903577628026212e-02 1.057627459206439464e-20
4.962444877628913176e-02 1.053841113995735835e-20
5.008407989848212560e-02 1.050171857330749974e-20
5.054796821191240297e-02 1.046631058495356674e-20
5.101615314749833457e-02 1.043230480882767622e-20
5.148867450137492585e-02 1.039982270623843585e-20
5.196557243827657629e-02 1.036898942122751757e-20
5.244688749495118874e-02 1.033993360277113332e-20
5.293266058360561466e-02 1.031278719172299981e-20
5.342293299538352497e-02 1.028768517057787112e-20
5.391774640387499845e-02 1.026476527437992969e-20
5.441714286865893119e-02 1.024416766141246536e-20
5.492116483887789224e-02 1.022603454268782021e-20
5.542985515684668851e-02 1.021050976971031731e-20
5.594325706169377826e-02 1.019773838050932660e-20
5.646141419303667142e-02 1.018786610453073867e-20
5.698437059469142058e-02 1.018103882762675866e-20
5.751217071841613349e-02 1.017740201908573375e-20
5.804485942768977669e-02 1.017710012338320528e-20
5.858248200152536139e-02 1.018027592009510591e-20
5.912508413831875365e-02 1.018706985617487327e-20
5.967271195973316428e-02 1.019761935553566091e-20
6.022541201461927701e-02 1.021205811157167172e-20
6.078323128297229844e-02 1.023051536887434431e-20
6.134621717992506246e-02 1.025311520092255590e-20
6.191441755977841049e-02 1.027997579092769697e-20
6.248788072006894456e-02 1.031120872327154275e-20
6.306665540567406303e-02 1.034691829306912212e-20
6.365079081295571539e-02 1.038720084130781129e-20
6.424033659394190465e-02 1.043214412274902658e-20
6.483534286054720708e-02 1.048182671333221193e-20
6.543586018883235100e-02 1.053631746319774974e-20
6.604193962330305590e-02 1.059567500066187254e-20
6.665363268124913088e-02 1.065994729155397315e-20
6.727099135712336087e-02 1.072917125729247764e-20
6.789406812696105464e-02 1.080337245396251640e-20
6.852291595284064341e-02 1.088256481350291463e-20
6.915758828738524655e-02 1.096675044694824043e-20
6.979813907830660635e-02 1.105591950854186854e-20
7.044462277299036457e-02 1.115005011847158597e-20
7.109709432312431854e-02 1.124910834101269610e-20
7.175560918936928212e-02 1.135304821402000057e-20
7.242022334607314815e-02 1.146181182500961392e-20
7.309099328602911005e-02 1.157532942852808648e-20
7.376797602527730702e-02 1.169351959912593238e-20
7.445122910795134996e-02 1.181628941403641659e-20
7.514081061116970051e-02 1.194353465960190830e-20
7.583677914997190295e-02 1.207514005557909793e-20
7.653919388230147336e-02 1.221097949167642408e-20
7.724811451403400253e-02 1.235091627101333039e-20
7.796360130405229072e-02 1.249480335562361257e-20
7.868571506936851423e-02 1.264248360963274471e-20
7.941451719029339607e-02 1.279379003630152788e-20
8.015006961565404597e-02 1.294854600572787418e-20
8.089243486805938743e-02 1.310656547061517669e-20
8.164167604921464261e-02 1.326765316813697144e-20
8.239785684528519449e-02 1.343160480653732409e-20
8.316104153230961804e-02 1.359820723569588624e-20
8.393129498166364277e-02 1.376723860144642823e-20
8.470868266557401993e-02 1.393846848396196082e-20
8.549327066268376518e-02 1.411165802100411196e-20
8.628512566366895731e-02 1.428656001727763812e-20
8.708431497690724554e-02 1.446291904153079869e-20
8.789090653419955046e-02 1.464047151340091172e-20
8.870496889654402861e-02 1.481894578232186739e-20
8.952657125996391074e-02 1.499806220108992432e-20
9.035578346138929684e-02 1.517753319692794559e-20
9.119267598459297741e-02 1.535706334309933430e-20
9.203731996618221001e-02 1.553634943430457370e-20
9.288978720164497993e-02 1.571508056924783909e-20
9.375015015145289621e-02 1.589293824389285489e-20
9.461848194722001504e-02 1.606959645903626538e-20
9.549485639791965852e-02 1.624472184591869356e-20
9.637934799615785475e-02 1.641797381366683881e-20
9.727203192450536995e-02 1.658900472241949650e-20
9.817298406188841586e-02 1.675746008603483527e-20
9.908228099003797695e-02 1.692297880830851243e-20
1.000000000000000056e-01 1.708519345665228821e-20
